doi,access
10.1002/ajb2.16082,0
10.1002/ajb2.1853,1
10.1002/anie.202117188,1
10.1002/ar.25001,0
10.1002/arch.21901,0
10.1002/cbic.202200062,1
10.1002/chem.202104497,1
10.1002/ece3.8612,1
10.1002/ecy.3709,1
10.1002/ecy.3879,0
10.1002/evan.21955,1
10.1002/fedr.202000024,0
10.1002/fedr.202000036,0
10.1002/fedr.202100010,0
10.1002/fedr.202100021,0
10.1002/fedr.202100023,0
10.1002/fedr.202100024,0
10.1002/fedr.202100025,0
10.1002/fedr.202100026,0
10.1002/fedr.202100030,0
10.1002/fedr.202100032,0
10.1002/fedr.202100034,0
10.1002/fedr.202100039,0
10.1002/fedr.202100043,0
10.1002/fedr.202100044,0
10.1002/fedr.202100050,0
10.1002/fedr.202100052,0
10.1002/fedr.202200001,0
10.1002/fedr.202200002,0
10.1002/fedr.202200004,0
10.1002/fedr.202200006,0
10.1002/fedr.202200008,0
10.1002/fedr.202200012,0
10.1002/fedr.202200014,0
10.1002/fedr.202200023,0
10.1002/fedr.202200027,0
10.1002/fedr.202200029,0
10.1002/fedr.202200034,0
10.1002/fedr.202200038,0
10.1002/fedr.202270032,0
10.1002/jemt.24240,0
10.1002/pld3.369,1
10.1002/smll.202106269,0
10.1002/spp2.1434,0
10.1002/tax.12527,0
10.1002/tax.12528,0
10.1002/tax.12529,0
10.1002/tax.12530,0
10.1002/tax.12531,0
10.1002/tax.12532,0
10.1002/tax.12648,1
10.1002/tax.12654,0
10.1002/tax.12655,0
10.1002/tax.12656,1
10.1002/tax.12657,0
10.1002/tax.12658,0
10.1002/tax.12659,0
10.1002/tax.12660,0
10.1002/tax.12661,0
10.1002/tax.12662,1
10.1002/tax.12663,0
10.1002/tax.12664,0
10.1002/tax.12665,0
10.1002/tax.12666,0
10.1002/tax.12667,0
10.1002/tax.12668,0
10.1002/tax.12669,0
10.1002/tax.12670,0
10.1002/tax.12671,0
10.1002/tax.12672,0
10.1002/tax.12673,0
10.1002/tax.12674,0
10.1002/tax.12675,0
10.1002/tax.12676,1
10.1002/tax.12677,0
10.1002/tax.12678,0
10.1002/tax.12679,0
10.1002/tax.12680,1
10.1002/tax.12681,0
10.1002/tax.12682,0
10.1002/tax.12683,0
10.1002/tax.12684,0
10.1002/tax.12685,0
10.1002/tax.12686,0
10.1002/tax.12687,0
10.1002/tax.12688,0
10.1002/tax.12689,0
10.1002/tax.12690,0
10.1002/tax.12691,1
10.1002/tax.12692,0
10.1002/tax.12693,1
10.1002/tax.12694,0
10.1002/tax.12695,0
10.1002/tax.12696,1
10.1002/tax.12697,0
10.1002/tax.12698,1
10.1002/tax.12699,0
10.1002/tax.12700,0
10.1002/tax.12701,0
10.1002/tax.12702,0
10.1002/tax.12703,0
10.1002/tax.12704,0
10.1002/tax.12705,1
10.1002/tax.12706,1
10.1002/tax.12707,1
10.1002/tax.12708,0
10.1002/tax.12709,0
10.1002/tax.12710,0
10.1002/tax.12711,1
10.1002/tax.12712,0
10.1002/tax.12713,1
10.1002/tax.12714,0
10.1002/tax.12715,0
10.1002/tax.12716,0
10.1002/tax.12717,0
10.1002/tax.12718,1
10.1002/tax.12719,0
10.1002/tax.12720,1
10.1002/tax.12721,1
10.1002/tax.12722,0
10.1002/tax.12723,0
10.1002/tax.12724,0
10.1002/tax.12725,0
10.1002/tax.12726,0
10.1002/tax.12727,0
10.1002/tax.12728,0
10.1002/tax.12729,0
10.1002/tax.12730,0
10.1002/tax.12731,0
10.1002/tax.12732,0
10.1002/tax.12733,0
10.1002/tax.12734,0
10.1002/tax.12735,0
10.1002/tax.12736,0
10.1002/tax.12737,0
10.1002/tax.12738,0
10.1002/tax.12739,0
10.1002/tax.12740,0
10.1002/tax.12741,0
10.1002/tax.12742,0
10.1002/tax.12743,0
10.1002/tax.12744,0
10.1002/tax.12745,0
10.1002/tax.12746,0
10.1002/tax.12747,0
10.1002/tax.12748,0
10.1002/tax.12749,0
10.1002/tax.12750,0
10.1002/tax.12751,0
10.1002/tax.12752,0
10.1002/tax.12753,0
10.1002/tax.12754,0
10.1002/tax.12755,0
10.1002/tax.12756,0
10.1002/tax.12757,0
10.1002/tax.12758,0
10.1002/tax.12765,0
10.1002/tax.12766,0
10.1002/tax.12767,1
10.1002/tax.12768,1
10.1002/tax.12769,0
10.1002/tax.12770,0
10.1002/tax.12771,0
10.1002/tax.12772,0
10.1002/tax.12773,0
10.1002/tax.12774,0
10.1002/tax.12775,0
10.1002/tax.12776,0
10.1002/tax.12777,1
10.1002/tax.12778,0
10.1002/tax.12779,0
10.1002/tax.12780,0
10.1002/tax.12781,1
10.1002/tax.12782,0
10.1002/tax.12783,0
10.1002/tax.12784,0
10.1002/tax.12785,0
10.1002/tax.12786,0
10.1002/tax.12787,0
10.1002/tax.12788,0
10.1002/tax.12789,0
10.1002/tax.12790,1
10.1002/tax.12791,0
10.1002/tax.12792,0
10.1002/tax.12793,0
10.1002/tax.12794,0
10.1002/tax.12795,0
10.1002/tax.12796,0
10.1002/tax.12797,0
10.1002/tax.12798,1
10.1002/tax.12799,0
10.1002/tax.12800,0
10.1002/tax.12801,0
10.1002/tax.12802,0
10.1002/tax.12803,0
10.1002/tax.12804,0
10.1002/tax.12805,0
10.1002/tax.12806,0
10.1002/tax.12807,0
10.1002/tax.12808,0
10.1002/tax.12809,1
10.1002/tax.12810,0
10.1002/tax.12811,0
10.1002/tax.12812,0
10.1002/tax.12813,0
10.1002/tax.12814,0
10.1002/tax.12815,0
10.1002/tax.12816,0
10.1002/tax.12817,0
10.1002/tax.12818,0
10.1002/tax.12819,0
10.1002/tax.12820,0
10.1002/tax.12821,0
10.1002/tax.12822,0
10.1002/tax.12823,0
10.1002/tax.12824,0
10.1002/tax.12825,0
10.1002/tax.12826,0
10.1002/tax.12827,0
10.1002/tax.12828,0
10.1002/tax.12829,0
10.1002/tax.12830,0
10.1002/tax.12831,0
10.1002/tax.12832,0
10.1002/tax.12833,0
10.1002/tax.12834,0
10.1002/tax.12835,0
10.1002/tax.12836,0
10.1002/tax.12837,0
10.1002/tax.12838,0
10.1002/tax.12839,0
10.1002/tax.12840,0
10.1002/tax.12841,0
10.1002/tax.12842,0
10.1002/tax.12843,0
10.1002/tax.12844,0
10.1002/tax.12845,0
10.1002/tax.12846,0
10.1002/tax.12847,0
10.1002/tax.12848,0
10.1002/tax.12849,0
10.1002/tax.12850,0
10.1002/tax.12851,0
10.1002/tax.12852,0
10.1002/tax.12853,0
10.1002/tax.12854,0
10.1002/tax.12855,0
10.1002/tax.12856,0
10.1002/tax.12857,0
10.1002/tax.12858,0
10.1002/tax.12859,0
10.1002/tax.12860,0
10.1002/tax.12861,0
10.1002/tax.12862,0
10.1002/tax.12863,1
10.1007/978-1-0716-1728-1_23,0
10.1007/978-3-030-84902-3,1
10.1007/978-3-030-93680-8_4,0
10.1007/978-3-031-05879-0,1
10.1007/978-981-16-2794-1_120,0
10.1007/978-981-16-2986-0_8,0
10.1007/978-981-16-7427-3,1
10.1007/978-981-19-0015-0_5,0
10.1007/s00114-022-01785-x,0
10.1007/s00203-021-02638-3,0
10.1007/s00203-021-02674-z,0
10.1007/s00203-021-02693-w,0
10.1007/s00203-021-02696-7,0
10.1007/s00203-021-02715-7,0
10.1007/s00203-021-02734-4,0
10.1007/s00203-021-02736-2,0
10.1007/s00203-021-02738-0,1
10.1007/s00203-021-02744-2,0
10.1007/s00203-021-02749-x,0
10.1007/s00203-021-02750-4,1
10.1007/s00203-021-02753-1,1
10.1007/s00203-022-02758-4,1
10.1007/s00203-022-02760-w,0
10.1007/s00203-022-02761-9,0
10.1007/s00203-022-02764-6,0
10.1007/s00203-022-02778-0,0
10.1007/s00203-022-02783-3,1
10.1007/s00203-022-02789-x,0
10.1007/s00203-022-02790-4,0
10.1007/s00203-022-02791-3,0
10.1007/s00203-022-02797-x,0
10.1007/s00203-022-02808-x,0
10.1007/s00203-022-02816-x,0
10.1007/s00203-022-02818-9,0
10.1007/s00203-022-02827-8,1
10.1007/s00203-022-02841-w,1
10.1007/s00203-022-02859-0,0
10.1007/s00203-022-02865-2,1
10.1007/s00203-022-02867-0,0
10.1007/s00203-022-02869-y,0
10.1007/s00203-022-02878-x,1
10.1007/s00203-022-02886-x,0
10.1007/s00203-022-02888-9,0
10.1007/s00203-022-02893-y,0
10.1007/s00203-022-02895-w,0
10.1007/s00203-022-02898-7,0
10.1007/s00203-022-02900-2,0
10.1007/s00203-022-02905-x,1
10.1007/s00203-022-02908-8,0
10.1007/s00203-022-02912-y,0
10.1007/s00203-022-02920-y,0
10.1007/s00203-022-02927-5,0
10.1007/s00203-022-02950-6,1
10.1007/s00203-022-02960-4,0
10.1007/s00203-022-02963-1,0
10.1007/s00203-022-02967-x,0
10.1007/s00203-022-02980-0,1
10.1007/s00203-022-02981-z,0
10.1007/s00203-022-02991-x,0
10.1007/s00203-022-02992-w,0
10.1007/s00203-022-03007-4,0
10.1007/s00203-022-03011-8,0
10.1007/s00203-022-03033-2,0
10.1007/s00203-022-03036-z,0
10.1007/s00203-022-03042-1,0
10.1007/s00203-022-03050-1,0
10.1007/s00203-022-03056-9,0
10.1007/s00203-022-03067-6,0
10.1007/s00203-022-03091-6,0
10.1007/s00203-022-03094-3,0
10.1007/s00203-022-03099-y,1
10.1007/s00203-022-03101-7,0
10.1007/s00203-022-03109-z,0
10.1007/s00203-022-03112-4,0
10.1007/s00203-022-03116-0,0
10.1007/s00203-022-03119-x,0
10.1007/s00203-022-03132-0,0
10.1007/s00203-022-03150-y,0
10.1007/s00203-022-03152-w,1
10.1007/s00203-022-03167-3,1
10.1007/s00203-022-03173-5,0
10.1007/s00203-022-03178-0,0
10.1007/s00203-022-03184-2,0
10.1007/s00203-022-03185-1,0
10.1007/s00203-022-03188-y,0
10.1007/s00203-022-03192-2,0
10.1007/s00203-022-03202-3,0
10.1007/s00203-022-03225-w,1
10.1007/s00203-022-03228-7,0
10.1007/s00203-022-03229-6,0
10.1007/s00203-022-03237-6,1
10.1007/s00203-022-03244-7,0
10.1007/s00203-022-03248-3,1
10.1007/s00203-022-03249-2,0
10.1007/s00203-022-03255-4,0
10.1007/s00203-022-03261-6,0
10.1007/s00203-022-03263-4,0
10.1007/s00203-022-03266-1,0
10.1007/s00203-022-03268-z,1
10.1007/s00203-022-03273-2,0
10.1007/s00203-022-03293-y,0
10.1007/s00203-022-03298-7,0
10.1007/s00203-022-03305-x,0
10.1007/s00203-022-03320-y,0
10.1007/s00203-022-03326-6,0
10.1007/s00203-022-03343-5,0
10.1007/s00203-022-03348-0,0
10.1007/s00203-022-03350-6,0
10.1007/s00203-022-03360-4,0
10.1007/s00203-022-03379-7,0
10.1007/s00253-022-11788-3,0
10.1007/s00284-021-02688-2,0
10.1007/s00284-021-02739-8,0
10.1007/s00284-021-02740-1,0
10.1007/s00284-021-02741-0,0
10.1007/s00284-021-02745-w,0
10.1007/s00284-021-02753-w,0
10.1007/s00284-021-02757-6,0
10.1007/s00284-022-02763-2,0
10.1007/s00284-022-02784-x,0
10.1007/s00284-022-02798-5,0
10.1007/s00284-022-02808-6,0
10.1007/s00284-022-02814-8,0
10.1007/s00284-022-02816-6,0
10.1007/s00284-022-02819-3,0
10.1007/s00284-022-02838-0,1
10.1007/s00284-022-02846-0,0
10.1007/s00284-022-02855-z,0
10.1007/s00284-022-02860-2,0
10.1007/s00284-022-02871-z,0
10.1007/s00284-022-02890-w,0
10.1007/s00284-022-02891-9,0
10.1007/s00284-022-02958-7,0
10.1007/s00284-022-02968-5,0
10.1007/s00284-022-02995-2,0
10.1007/s00284-022-02997-0,0
10.1007/s00284-022-03001-5,0
10.1007/s00284-022-03006-0,0
10.1007/s00284-022-03007-z,0
10.1007/s00284-022-03020-2,0
10.1007/s00284-022-03036-8,0
10.1007/s00284-022-03037-7,0
10.1007/s00284-022-03051-9,0
10.1007/s00284-022-03096-w,0
10.1007/s00284-022-03133-8,0
10.1007/s00284-022-03134-7,0
10.1007/s00284-022-03141-8,0
10.1007/s00284-022-03142-7,0
10.1007/s00300-022-03017-4,0
10.1007/s00300-022-03023-6,1
10.1007/s00343-021-1111-0,0
10.1007/s00343-021-1154-2,0
10.1007/s00436-021-07396-1,0
10.1007/s00436-021-07397-0,0
10.1007/s00436-021-07405-3,0
10.1007/s00436-021-07414-2,0
10.1007/s00436-021-07419-x,0
10.1007/s00436-022-07425-7,0
10.1007/s00436-022-07473-z,0
10.1007/s00436-022-07620-6,0
10.1007/s00438-021-01829-3,0
10.1007/s00442-022-05298-2,0
10.1007/s00572-021-01064-z,0
10.1007/s00606-021-01796-7,1
10.1007/s00606-021-01800-0,1
10.1007/s00606-021-01801-z,0
10.1007/s00606-021-01802-y,0
10.1007/s00606-021-01803-x,0
10.1007/s00606-022-01805-3,0
10.1007/s00606-022-01811-5,0
10.1007/s00705-021-05324-3,0
10.1007/s00705-021-05326-1,1
10.1007/s00705-022-05372-3,0
10.1007/s00705-022-05387-w,1
10.1007/s00705-022-05478-8,1
10.1007/s00705-022-05503-w,1
10.1007/s00705-022-05548-x,0
10.1007/s00705-022-05551-2,1
10.1007/s00705-022-05611-7,0
10.1007/s00792-022-01263-2,1
10.1007/s00792-022-01267-y,0
10.1007/s00792-022-01269-w,0
10.1007/s00792-022-01275-y,0
10.1007/s00792-022-01280-1,0
10.1007/s00792-022-01283-y,0
10.1007/s00792-022-01285-w,0
10.1007/s10068-021-01027-2,1
10.1007/s10228-021-00850-1,0
10.1007/s10228-021-00851-0,0
10.1007/s10228-022-00860-7,0
10.1007/s10228-022-00882-1,0
10.1007/s10228-022-00885-y,0
10.1007/s10228-022-00894-x,0
10.1007/s10228-022-00899-6,0
10.1007/s10228-022-00901-1,0
10.1007/s10265-022-01389-6,1
10.1007/s10327-022-01084-3,0
10.1007/s10482-021-01675-8,1
10.1007/s10482-021-01678-5,1
10.1007/s10482-021-01688-3,1
10.1007/s10482-021-01689-2,0
10.1007/s10482-021-01691-8,0
10.1007/s10482-021-01693-6,1
10.1007/s10482-021-01694-5,1
10.1007/s10482-021-01695-4,0
10.1007/s10482-021-01696-3,0
10.1007/s10482-021-01697-2,1
10.1007/s10482-021-01699-0,0
10.1007/s10482-021-01700-w,0
10.1007/s10482-021-01701-9,0
10.1007/s10482-021-01702-8,0
10.1007/s10482-021-01703-7,0
10.1007/s10482-021-01704-6,0
10.1007/s10482-021-01705-5,0
10.1007/s10482-021-01706-4,0
10.1007/s10482-021-01707-3,1
10.1007/s10482-022-01709-9,0
10.1007/s10482-022-01710-2,0
10.1007/s10482-022-01711-1,0
10.1007/s10482-022-01712-0,0
10.1007/s10482-022-01713-z,0
10.1007/s10482-022-01714-y,1
10.1007/s10482-022-01715-x,0
10.1007/s10482-022-01716-w,1
10.1007/s10482-022-01717-9,1
10.1007/s10482-022-01718-8,0
10.1007/s10482-022-01719-7,1
10.1007/s10482-022-01723-x,0
10.1007/s10482-022-01724-w,0
10.1007/s10482-022-01728-6,0
10.1007/s10482-022-01729-5,1
10.1007/s10482-022-01731-x,0
10.1007/s10482-022-01734-8,1
10.1007/s10482-022-01741-9,0
10.1007/s10482-022-01742-8,0
10.1007/s10482-022-01744-6,0
10.1007/s10482-022-01749-1,0
10.1007/s10482-022-01754-4,0
10.1007/s10482-022-01756-2,1
10.1007/s10482-022-01759-z,1
10.1007/s10482-022-01763-3,0
10.1007/s10482-022-01768-y,0
10.1007/s10482-022-01769-x,0
10.1007/s10482-022-01771-3,0
10.1007/s10482-022-01772-2,0
10.1007/s10482-022-01781-1,0
10.1007/s10482-022-01786-w,0
10.1007/s10482-022-01788-8,0
10.1007/s10482-022-01790-0,0
10.1007/s10482-022-01792-y,0
10.1007/s10482-022-01794-w,0
10.1007/s10482-022-01797-7,0
10.1007/s10482-022-01798-6,1
10.1007/s10482-022-01800-1,0
10.1007/s10482-022-01801-0,0
10.1007/s10482-022-01802-z,0
10.1007/s10722-022-01454-y,0
10.1007/s10914-022-09634-4,0
10.1007/s11033-022-07302-7,0
10.1007/s11046-022-00674-1,0
10.1007/s11230-021-10002-8,0
10.1007/s11230-021-10013-5,0
10.1007/s11230-021-10014-4,0
10.1007/s11230-021-10015-3,0
10.1007/s11230-021-10016-2,0
10.1007/s11230-021-10018-0,0
10.1007/s11230-021-10019-z,0
10.1007/s11230-022-10021-z,0
10.1007/s11230-022-10022-y,1
10.1007/s11230-022-10023-x,0
10.1007/s11230-022-10028-6,0
10.1007/s11230-022-10034-8,1
10.1007/s11230-022-10037-5,0
10.1007/s11230-022-10038-4,1
10.1007/s11230-022-10042-8,0
10.1007/s11230-022-10044-6,0
10.1007/s11230-022-10052-6,0
10.1007/s11230-022-10054-4,1
10.1007/s11230-022-10061-5,0
10.1007/s11230-022-10063-3,1
10.1007/s11230-022-10068-y,0
10.1007/s11230-022-10078-w,0
10.1007/s11230-022-10080-2,0
10.1007/s11230-022-10081-1,0
10.1007/s11262-022-01900-0,1
10.1007/s11262-022-01924-6,1
10.1007/s11274-021-03213-0,0
10.1007/s11557-021-01675-y,0
10.1007/s11557-021-01731-7,0
10.1007/s11557-021-01748-y,0
10.1007/s11557-021-01751-3,0
10.1007/s11557-021-01756-y,1
10.1007/s11557-021-01757-x,1
10.1007/s11557-021-01760-2,0
10.1007/s11557-021-01763-z,1
10.1007/s11557-021-01766-w,0
10.1007/s11557-021-01767-9,0
10.1007/s11557-022-01777-1,0
10.1007/s11557-022-01783-3,0
10.1007/s11557-022-01784-2,0
10.1007/s11557-022-01787-z,0
10.1007/s11557-022-01794-0,0
10.1007/s11557-022-01797-x,0
10.1007/s11557-022-01804-1,1
10.1007/s11557-022-01807-y,0
10.1007/s11557-022-01809-w,0
10.1007/s11557-022-01813-0,0
10.1007/s11557-022-01819-8,0
10.1007/s11557-022-01824-x,0
10.1007/s11557-022-01828-7,0
10.1007/s11557-022-01830-z,0
10.1007/s11557-022-01834-9,1
10.1007/s11557-022-01840-x,0
10.1007/s11557-022-01847-4,0
10.1007/s11557-022-01848-3,0
10.1007/s11557-022-01850-9,0
10.1007/s11557-022-01855-4,0
10.1007/s11686-022-00517-5,0
10.1007/s11686-022-00545-1,0
10.1007/s11686-022-00581-x,1
10.1007/s11686-022-00593-7,1
10.1007/s11686-022-00618-1,0
10.1007/s11686-022-00624-3,0
10.1007/s11686-022-00637-y,0
10.1007/s11686-022-00643-0,0
10.1007/s11756-021-00962-z,0
10.1007/s11756-021-00982-9,0
10.1007/s11756-022-01116-5,0
10.1007/s11756-022-01245-x,0
10.1007/s11756-022-01271-9,0
10.1007/s12223-021-00931-8,0
10.1007/s12224-022-09418-x,0
10.1007/s12224-022-09420-3,0
10.1007/s12225-021-09979-8,0
10.1007/s12225-021-09992-x,0
10.1007/s12225-021-09994-9,0
10.1007/s12225-021-09996-7,1
10.1007/s12225-021-09997-6,0
10.1007/s12225-021-09998-5,0
10.1007/s12225-022-10001-y,0
10.1007/s12225-022-10005-8,0
10.1007/s12225-022-10007-6,0
10.1007/s12225-022-10011-w,1
10.1007/s12225-022-10018-3,1
10.1007/s12225-022-10024-5,0
10.1007/s12225-022-10027-2,1
10.1007/s12225-022-10034-3,1
10.1007/s12225-022-10042-3,1
10.1007/s12225-022-10044-1,0
10.1007/s12225-022-10059-8,0
10.1007/s12225-022-10060-1,1
10.1007/s12228-021-09689-2,0
10.1007/s12228-021-09692-7,0
10.1007/s12228-021-09693-6,0
10.1007/s12228-022-09701-3,1
10.1007/s12228-022-09703-1,0
10.1007/s12228-022-09710-2,0
10.1007/s12228-022-09725-9,0
10.1007/s12228-022-09727-7,0
10.1007/s12275-022-1199-8,0
10.1007/s12275-022-1581-6,0
10.1007/s12275-022-1604-3,0
10.1007/s12275-022-1647-5,0
10.1007/s12275-022-1673-3,0
10.1007/s12275-022-2075-2,0
10.1007/s12275-022-2089-9,1
10.1007/s12275-022-2099-7,0
10.1007/s12275-022-2100-5,0
10.1007/s12275-022-2102-3,0
10.1007/s12275-022-2134-8,1
10.1007/s12275-022-2137-5,0
10.1007/s12275-022-2173-1,0
10.1007/s12275-022-2250-5,1
10.1007/s12275-022-2298-2,0
10.1007/s12374-022-09358-1,0
10.1007/s12526-021-01228-2,0
10.1007/s12526-021-01245-1,0
10.1007/s12526-022-01288-y,0
10.1007/s12526-022-01294-0,1
10.1007/s12542-021-00585-4,0
10.1007/s12542-022-00606-w,1
10.1007/s12549-021-00514-y,1
10.1007/s12549-022-00525-3,1
10.1007/s12639-022-01533-y,0
10.1007/s13127-022-00541-3,0
10.1007/s13127-022-00542-2,0
10.1007/s13127-022-00546-y,0
10.1007/s13127-022-00575-7,0
10.1007/s13127-022-00591-7,0
10.1007/s13127-022-00595-3,0
10.1007/s13127-022-00599-z,0
10.1007/s13199-022-00877-6,0
10.1007/s13205-022-03271-7,0
10.1007/s13205-022-03366-1,0
10.1007/s13225-021-00495-5,1
10.1007/s13225-021-00497-3,1
10.1007/s13225-022-00498-w,1
10.1007/s13225-022-00504-1,1
10.1007/s13225-022-00511-2,0
10.1007/s13369-022-07104-w,0
10.1007/s13744-022-00945-y,0
10.1007/s13744-022-00956-9,0
10.1007/s13744-022-00957-8,0
10.1007/s13744-022-00958-7,0
10.1007/s13744-022-00983-6,0
10.1007/s13744-022-00987-2,1
10.1007/s13744-022-00999-y,1
10.1007/s40415-022-00838-9,0
10.1007/s40858-022-00491-3,0
10.1007/s42161-022-01294-w,1
10.1007/s42535-022-00427-x,0
10.1007/s42690-022-00776-9,0
10.1007/s42690-022-00825-3,0
10.1007/s42770-022-00841-y,0
10.1007/s42995-022-00146-x,0
10.1016/j.actatropica.2022.106368,0
10.1016/j.actatropica.2022.106387,0
10.1016/j.actatropica.2022.106480,0
10.1016/j.anaerobe.2022.102554,1
10.1016/j.aspen.2022.101872,1
10.1016/j.aspen.2022.101928,0
10.1016/j.aspen.2022.101936,0
10.1016/j.biortech.2022.126754,0
10.1016/j.coesh.2022.100358,1
10.1016/j.cretres.2021.105128,1
10.1016/j.cretres.2022.105138,1
10.1016/j.cretres.2022.105143,0
10.1016/j.cretres.2022.105149,0
10.1016/j.cretres.2022.105164,0
10.1016/j.cretres.2022.105186,0
10.1016/j.cretres.2022.105189,0
10.1016/j.cretres.2022.105208,0
10.1016/j.cretres.2022.105214,0
10.1016/j.cretres.2022.105216,0
10.1016/j.cretres.2022.105226,0
10.1016/j.cretres.2022.105228,0
10.1016/j.cretres.2022.105243,0
10.1016/j.cretres.2022.105245,0
10.1016/j.cretres.2022.105246,0
10.1016/j.crmicr.2021.100083,1
10.1016/j.crmicr.2021.100100,1
10.1016/j.crpvbd.2021.100050,1
10.1016/j.crpvbd.2021.100051,1
10.1016/j.crpvbd.2022.100096,1
10.1016/j.culher.2022.01.010,0
10.1016/j.dsr.2022.103804,1
10.1016/j.dsr2.2022.105095,0
10.1016/j.ecolind.2022.108643,1
10.1016/j.egg.2022.100114,0
10.1016/j.ejop.2021.125789,0
10.1016/j.ejop.2021.125792,0
10.1016/j.ejop.2021.125795,0
10.1016/j.ejop.2021.125809,0
10.1016/j.ejop.2021.125822,1
10.1016/j.ejop.2021.125823,0
10.1016/j.ejop.2021.125824,0
10.1016/j.ejop.2021.125825,0
10.1016/j.ejop.2021.125826,1
10.1016/j.ejop.2021.125827,0
10.1016/j.ejop.2021.125828,0
10.1016/j.ejop.2021.125835,0
10.1016/j.ejop.2021.125836,0
10.1016/j.ejop.2021.125837,0
10.1016/j.ejop.2021.125838,0
10.1016/j.ejop.2021.125839,0
10.1016/j.ejop.2021.125840,1
10.1016/j.ejop.2021.125841,0
10.1016/j.ejop.2021.125842,0
10.1016/j.ejop.2021.125844,0
10.1016/j.ejop.2021.125853,0
10.1016/j.ejop.2021.125854,0
10.1016/j.ejop.2021.125855,0
10.1016/j.ejop.2021.125856,0
10.1016/j.ejop.2021.125857,0
10.1016/j.ejop.2021.125858,0
10.1016/j.ejop.2021.125860,0
10.1016/j.ejop.2021.125862,1
10.1016/j.ejop.2021.125863,0
10.1016/j.ejop.2022.125864,0
10.1016/j.ejop.2022.125865,1
10.1016/j.ejop.2022.125866,0
10.1016/j.ejop.2022.125867,0
10.1016/j.ejop.2022.125868,0
10.1016/j.ejop.2022.125875,0
10.1016/j.ejop.2022.125878,0
10.1016/j.ejop.2022.125879,0
10.1016/j.ejop.2022.125880,0
10.1016/j.ejop.2022.125881,0
10.1016/j.ejop.2022.125888,0
10.1016/j.ejop.2022.125891,0
10.1016/j.ejop.2022.125892,0
10.1016/j.ejop.2022.125893,0
10.1016/j.ejop.2022.125894,0
10.1016/j.ejop.2022.125895,0
10.1016/j.ejop.2022.125896,0
10.1016/j.ejop.2022.125910,0
10.1016/j.ejop.2022.125913,0
10.1016/j.ejsobi.2022.103405,0
10.1016/j.fawpar.2022.e00147,1
10.1016/j.fct.2022.112878,1
10.1016/j.funbio.2021.11.001,0
10.1016/j.funbio.2021.12.002,0
10.1016/j.funbio.2022.03.005,0
10.1016/j.funbio.2022.09.004,0
10.1016/j.funbio.2022.11.002,0
10.1016/j.gene.2022.146572,0
10.1016/j.ijfoodmicro.2021.109509,1
10.1016/j.ijhydene.2021.12.265,0
10.1016/j.ijpara.2021.11.012,0
10.1016/j.ijpara.2022.03.001,0
10.1016/j.ijppaw.2021.09.006,1
10.1016/j.ijppaw.2021.12.010,1
10.1016/j.ijppaw.2022.01.003,1
10.1016/j.ijppaw.2022.01.006,1
10.1016/j.ijppaw.2022.02.009,1
10.1016/j.ijppaw.2022.03.008,1
10.1016/j.ijppaw.2022.04.002,1
10.1016/j.japb.2021.11.006,1
10.1016/j.japb.2021.12.001,1
10.1016/j.jcz.2022.02.001,0
10.1016/j.jcz.2022.02.002,0
10.1016/j.jcz.2022.02.004,1
10.1016/j.jcz.2022.04.004,0
10.1016/j.jcz.2022.04.005,0
10.1016/j.jcz.2022.05.004,0
10.1016/j.jenvman.2022.115560,0
10.1016/j.jgar.2022.04.018,1
10.1016/j.jglr.2022.04.006,0
10.1016/j.jhevol.2021.103076,1
10.1016/j.jhevol.2021.103136,1
10.1016/j.jip.2022.107737,1
10.1016/j.jip.2022.107751,0
10.1016/j.jip.2022.107754,0
10.1016/j.jip.2022.107768,0
10.1016/j.jprot.2022.104559,0
10.1016/j.margen.2021.100899,1
10.1016/j.margen.2022.100931,0
10.1016/j.marmicro.2022.102110,0
10.1016/j.marpolbul.2022.113423,0
10.1016/j.micinf.2022.104932,1
10.1016/j.micpath.2022.105464,0
10.1016/j.micres.2022.127072,0
10.1016/j.micron.2022.103248,0
10.1016/j.molliq.2022.119377,0
10.1016/j.mycmed.2022.101337,0
10.1016/j.nmni.2022.100973,1
10.1016/j.oooo.2021.12.002,0
10.1016/j.palaeo.2022.110878,0
10.1016/j.palaeo.2022.110894,0
10.1016/j.palwor.2022.01.002,0
10.1016/j.palwor.2022.01.009,1
10.1016/j.parint.2021.102443,1
10.1016/j.parint.2021.102444,0
10.1016/j.parint.2021.102445,0
10.1016/j.parint.2021.102446,0
10.1016/j.parint.2021.102449,1
10.1016/j.parint.2021.102450,0
10.1016/j.parint.2021.102457,0
10.1016/j.parint.2021.102458,0
10.1016/j.parint.2021.102468,0
10.1016/j.parint.2021.102469,0
10.1016/j.parint.2021.102470,0
10.1016/j.parint.2021.102471,0
10.1016/j.parint.2021.102472,0
10.1016/j.parint.2021.102473,0
10.1016/j.parint.2021.102474,0
10.1016/j.parint.2021.102475,1
10.1016/j.parint.2021.102476,1
10.1016/j.parint.2021.102477,0
10.1016/j.parint.2021.102478,1
10.1016/j.parint.2021.102479,1
10.1016/j.parint.2021.102481,0
10.1016/j.parint.2021.102482,0
10.1016/j.parint.2021.102483,0
10.1016/j.parint.2021.102484,0
10.1016/j.parint.2021.102485,0
10.1016/j.parint.2021.102486,0
10.1016/j.parint.2021.102487,0
10.1016/j.parint.2021.102488,1
10.1016/j.parint.2021.102489,0
10.1016/j.parint.2021.102491,0
10.1016/j.parint.2021.102492,1
10.1016/j.parint.2021.102493,0
10.1016/j.parint.2021.102494,0
10.1016/j.parint.2021.102495,0
10.1016/j.parint.2021.102496,0
10.1016/j.parint.2021.102497,1
10.1016/j.parint.2021.102507,1
10.1016/j.parint.2021.102508,0
10.1016/j.parint.2021.102511,0
10.1016/j.parint.2021.102512,1
10.1016/j.parint.2021.102513,0
10.1016/j.parint.2021.102514,0
10.1016/j.parint.2021.102515,0
10.1016/j.parint.2021.102517,0
10.1016/j.parint.2021.102518,1
10.1016/j.parint.2021.102519,0
10.1016/j.parint.2021.102520,0
10.1016/j.parint.2021.102521,0
10.1016/j.parint.2021.102522,0
10.1016/j.parint.2021.102523,0
10.1016/j.parint.2021.102524,1
10.1016/j.parint.2021.102525,1
10.1016/j.parint.2021.102526,1
10.1016/j.parint.2021.102527,1
10.1016/j.parint.2021.102528,0
10.1016/j.parint.2021.102529,1
10.1016/j.parint.2021.102530,0
10.1016/j.parint.2021.102531,0
10.1016/j.parint.2021.102532,0
10.1016/j.parint.2021.102533,0
10.1016/j.parint.2021.102534,0
10.1016/j.parint.2021.102535,0
10.1016/j.parint.2022.102537,0
10.1016/j.parint.2022.102538,0
10.1016/j.parint.2022.102539,0
10.1016/j.parint.2022.102540,0
10.1016/j.parint.2022.102541,0
10.1016/j.parint.2022.102542,0
10.1016/j.parint.2022.102549,0
10.1016/j.parint.2022.102550,0
10.1016/j.parint.2022.102551,0
10.1016/j.parint.2022.102552,1
10.1016/j.parint.2022.102553,0
10.1016/j.parint.2022.102554,0
10.1016/j.parint.2022.102555,0
10.1016/j.parint.2022.102556,0
10.1016/j.parint.2022.102557,0
10.1016/j.parint.2022.102558,0
10.1016/j.parint.2022.102559,0
10.1016/j.parint.2022.102560,0
10.1016/j.parint.2022.102561,0
10.1016/j.parint.2022.102562,0
10.1016/j.parint.2022.102563,1
10.1016/j.parint.2022.102564,0
10.1016/j.parint.2022.102565,0
10.1016/j.parint.2022.102566,0
10.1016/j.parint.2022.102567,0
10.1016/j.parint.2022.102575,0
10.1016/j.parint.2022.102576,0
10.1016/j.parint.2022.102577,0
10.1016/j.parint.2022.102578,0
10.1016/j.parint.2022.102579,0
10.1016/j.parint.2022.102580,0
10.1016/j.parint.2022.102581,0
10.1016/j.parint.2022.102582,0
10.1016/j.parint.2022.102583,0
10.1016/j.parint.2022.102584,0
10.1016/j.parint.2022.102585,0
10.1016/j.parint.2022.102586,0
10.1016/j.parint.2022.102587,0
10.1016/j.parint.2022.102588,0
10.1016/j.parint.2022.102589,1
10.1016/j.parint.2022.102590,0
10.1016/j.parint.2022.102591,0
10.1016/j.parint.2022.102592,1
10.1016/j.parint.2022.102593,1
10.1016/j.parint.2022.102594,0
10.1016/j.parint.2022.102595,0
10.1016/j.parint.2022.102596,0
10.1016/j.parint.2022.102597,0
10.1016/j.parint.2022.102598,0
10.1016/j.parint.2022.102605,0
10.1016/j.parint.2022.102606,0
10.1016/j.parint.2022.102607,0
10.1016/j.parint.2022.102608,0
10.1016/j.parint.2022.102693,0
10.1016/j.pld.2020.10.004,1
10.1016/j.pld.2020.11.003,1
10.1016/j.pld.2020.11.004,1
10.1016/j.pld.2020.12.006,1
10.1016/j.pld.2021.01.001,1
10.1016/j.pld.2021.01.002,1
10.1016/j.pld.2021.01.003,1
10.1016/j.pld.2021.01.006,1
10.1016/j.pld.2021.01.007,1
10.1016/j.pld.2021.01.008,1
10.1016/j.pld.2021.01.009,1
10.1016/j.pld.2021.03.001,1
10.1016/j.pld.2021.03.004,1
10.1016/j.pld.2021.04.002,1
10.1016/j.pld.2021.04.006,1
10.1016/j.pld.2021.04.007,1
10.1016/j.pld.2021.05.001,1
10.1016/j.pld.2021.05.002,1
10.1016/j.pld.2021.05.003,1
10.1016/j.pld.2021.05.004,1
10.1016/j.pld.2021.05.005,1
10.1016/j.pld.2021.05.006,1
10.1016/j.pld.2021.06.001,1
10.1016/j.pld.2021.06.002,1
10.1016/j.pld.2021.06.003,1
10.1016/j.pld.2021.06.004,1
10.1016/j.pld.2021.06.005,1
10.1016/j.pld.2021.06.006,1
10.1016/j.pld.2021.06.007,1
10.1016/j.pld.2021.06.008,1
10.1016/j.pld.2021.06.009,1
10.1016/j.pld.2021.06.010,1
10.1016/j.pld.2021.07.001,1
10.1016/j.pld.2021.07.004,1
10.1016/j.pld.2021.07.005,1
10.1016/j.pld.2021.08.002,1
10.1016/j.pld.2021.08.003,1
10.1016/j.pld.2021.09.005,1
10.1016/j.pld.2021.11.007,1
10.1016/j.pld.2021.11.008,1
10.1016/j.pld.2021.12.006,1
10.1016/j.pld.2022.01.001,1
10.1016/j.pld.2022.01.002,1
10.1016/j.pld.2022.01.003,1
10.1016/j.pld.2022.01.004,1
10.1016/j.pld.2022.01.005,1
10.1016/j.pld.2022.02.001,1
10.1016/j.pld.2022.02.002,1
10.1016/j.pld.2022.02.003,1
10.1016/j.pld.2022.03.001,1
10.1016/j.pld.2022.03.002,1
10.1016/j.pld.2022.03.003,1
10.1016/j.pld.2022.03.004,1
10.1016/j.pld.2022.03.005,1
10.1016/j.pld.2022.04.001,1
10.1016/j.pld.2022.04.002,1
10.1016/j.pld.2022.04.003,1
10.1016/j.pld.2022.05.001,1
10.1016/j.pld.2022.05.002,1
10.1016/j.pld.2022.05.003,1
10.1016/j.pld.2022.05.004,1
10.1016/j.pld.2022.05.005,1
10.1016/j.protis.2021.125821,0
10.1016/j.protis.2021.125822,1
10.1016/j.protis.2021.125830,1
10.1016/j.protis.2021.125831,0
10.1016/j.protis.2021.125832,0
10.1016/j.protis.2021.125833,0
10.1016/j.protis.2021.125834,0
10.1016/j.protis.2021.125835,1
10.1016/j.protis.2021.125836,0
10.1016/j.protis.2021.125843,1
10.1016/j.protis.2021.125844,0
10.1016/j.protis.2021.125845,1
10.1016/j.protis.2022.125856,0
10.1016/j.protis.2022.125857,0
10.1016/j.protis.2022.125858,0
10.1016/j.protis.2022.125867,0
10.1016/j.protis.2022.125868,0
10.1016/j.protis.2022.125869,0
10.1016/j.protis.2022.125870,1
10.1016/j.protis.2022.125878,0
10.1016/j.protis.2022.125881,0
10.1016/j.protis.2022.125882,1
10.1016/j.protis.2022.125883,0
10.1016/j.protis.2022.125884,0
10.1016/j.protis.2022.125885,0
10.1016/j.protis.2022.125886,0
10.1016/j.protis.2022.125887,0
10.1016/j.revpalbo.2022.104625,0
10.1016/j.revpalbo.2022.104643,0
10.1016/j.revpalbo.2022.104659,0
10.1016/j.revpalbo.2022.104699,0
10.1016/j.sjbs.2021.11.013,1
10.1016/j.sjbs.2022.103438,1
10.1016/j.supflu.2022.105527,0
10.1016/j.syapm.2021.126290,0
10.1016/j.syapm.2021.126292,1
10.1016/j.syapm.2021.126293,1
10.1016/j.syapm.2022.126294,0
10.1016/j.syapm.2022.126304,0
10.1016/j.syapm.2022.126306,0
10.1016/j.syapm.2022.126307,1
10.1016/j.syapm.2022.126308,0
10.1016/j.syapm.2022.126316,0
10.1016/j.syapm.2022.126317,1
10.1016/j.syapm.2022.126318,0
10.1016/j.syapm.2022.126319,0
10.1016/j.syapm.2022.126321,1
10.1016/j.syapm.2022.126322,0
10.1016/j.syapm.2022.126324,0
10.1016/j.syapm.2022.126325,1
10.1016/j.syapm.2022.126326,0
10.1016/j.syapm.2022.126333,0
10.1016/j.syapm.2022.126337,0
10.1016/j.syapm.2022.126361,0
10.1016/j.syapm.2022.126372,0
10.1016/j.ttbdis.2022.101907,0
10.1016/j.virol.2022.03.011,0
10.1016/j.virusres.2022.198973,1
10.1016/j.xinn.2021.100195,1
10.1016/j.ympev.2021.107380,0
10.1016/j.ympev.2022.107388,0
10.1016/j.ympev.2022.107389,0
10.1016/j.ympev.2022.107390,1
10.1016/j.ympev.2022.107391,0
10.1016/j.ympev.2022.107392,0
10.1016/j.ympev.2022.107393,0
10.1016/j.ympev.2022.107394,0
10.1016/j.ympev.2022.107395,1
10.1016/j.ympev.2022.107396,0
10.1016/j.ympev.2022.107397,1
10.1016/j.ympev.2022.107398,0
10.1016/j.ympev.2022.107399,0
10.1016/j.ympev.2022.107400,1
10.1016/j.ympev.2022.107401,0
10.1016/j.ympev.2022.107402,0
10.1016/j.ympev.2022.107403,0
10.1016/j.ympev.2022.107404,0
10.1016/j.ympev.2022.107405,0
10.1016/j.ympev.2022.107406,0
10.1016/j.ympev.2022.107407,0
10.1016/j.ympev.2022.107408,1
10.1016/j.ympev.2022.107409,0
10.1016/j.ympev.2022.107410,0
10.1016/j.ympev.2022.107411,0
10.1016/j.ympev.2022.107412,1
10.1016/j.ympev.2022.107413,0
10.1016/j.ympev.2022.107414,1
10.1016/j.ympev.2022.107415,0
10.1016/j.ympev.2022.107416,0
10.1016/j.ympev.2022.107417,0
10.1016/j.ympev.2022.107425,0
10.1016/j.ympev.2022.107426,0
10.1016/j.ympev.2022.107427,0
10.1016/j.ympev.2022.107428,1
10.1016/j.ympev.2022.107429,1
10.1016/j.ympev.2022.107430,1
10.1016/j.ympev.2022.107431,0
10.1016/j.ympev.2022.107432,1
10.1016/j.ympev.2022.107433,1
10.1016/j.ympev.2022.107434,0
10.1016/j.ympev.2022.107435,0
10.1016/j.ympev.2022.107436,0
10.1016/j.ympev.2022.107437,0
10.1016/j.ympev.2022.107438,1
10.1016/j.ympev.2022.107439,1
10.1016/j.ympev.2022.107440,0
10.1016/j.ympev.2022.107441,1
10.1016/j.ympev.2022.107442,1
10.1016/j.ympev.2022.107443,0
10.1016/j.ympev.2022.107444,1
10.1016/j.ympev.2022.107445,0
10.1016/j.ympev.2022.107452,0
10.1016/j.ympev.2022.107453,0
10.1016/j.ympev.2022.107454,0
10.1016/j.ympev.2022.107455,0
10.1016/j.ympev.2022.107456,0
10.1016/j.ympev.2022.107457,0
10.1016/j.ympev.2022.107458,0
10.1016/j.ympev.2022.107459,0
10.1016/j.ympev.2022.107460,0
10.1016/j.ympev.2022.107461,0
10.1016/j.ympev.2022.107462,0
10.1016/j.ympev.2022.107463,1
10.1016/j.ympev.2022.107464,0
10.1016/j.ympev.2022.107465,0
10.1016/j.ympev.2022.107466,1
10.1016/j.ympev.2022.107467,1
10.1016/j.ympev.2022.107468,1
10.1016/j.ympev.2022.107469,1
10.1016/j.ympev.2022.107470,0
10.1016/j.ympev.2022.107479,0
10.1016/j.ympev.2022.107480,1
10.1016/j.ympev.2022.107481,0
10.1016/j.ympev.2022.107482,0
10.1016/j.ympev.2022.107483,1
10.1016/j.ympev.2022.107484,0
10.1016/j.ympev.2022.107485,0
10.1016/j.ympev.2022.107486,0
10.1016/j.ympev.2022.107494,0
10.1016/j.ympev.2022.107495,0
10.1016/j.ympev.2022.107496,0
10.1016/j.ympev.2022.107504,0
10.1016/j.ympev.2022.107505,1
10.1016/j.ympev.2022.107506,1
10.1016/j.ympev.2022.107507,0
10.1016/j.ympev.2022.107508,0
10.1016/j.ympev.2022.107509,1
10.1016/j.ympev.2022.107510,0
10.1016/j.ympev.2022.107511,1
10.1016/j.ympev.2022.107512,0
10.1016/j.ympev.2022.107513,0
10.1016/j.ympev.2022.107514,0
10.1016/j.ympev.2022.107515,1
10.1016/j.ympev.2022.107516,0
10.1016/j.ympev.2022.107517,0
10.1016/j.ympev.2022.107518,0
10.1016/j.ympev.2022.107519,0
10.1016/j.ympev.2022.107520,1
10.1016/j.ympev.2022.107521,0
10.1016/j.ympev.2022.107522,0
10.1016/j.ympev.2022.107523,1
10.1016/j.ympev.2022.107524,1
10.1016/j.ympev.2022.107525,0
10.1016/j.ympev.2022.107526,0
10.1016/j.ympev.2022.107527,0
10.1016/j.ympev.2022.107530,1
10.1016/j.ympev.2022.107589,0
10.1016/S0932-4739(21)00083-3,1
10.1016/S0932-4739(22)00009-8,1
10.1016/S0932-4739(22)00022-0,1
10.1016/S1055-7903(21)00318-3,1
10.1016/S1055-7903(22)00062-8,1
10.1016/S1055-7903(22)00087-2,1
10.1016/S1055-7903(22)00103-8,1
10.1016/S1055-7903(22)00113-0,1
10.1016/S1383-5769(21)00219-1,1
10.1016/S1383-5769(21)00222-1,1
10.1016/S1383-5769(22)00010-1,1
10.1016/S1383-5769(22)00035-6,1
10.1016/S1383-5769(22)00066-6,1
10.1016/S1434-4610(21)00049-3,1
10.1016/S1434-4610(21)00059-6,1
10.1016/S1434-4610(22)00007-4,1
10.1016/S1434-4610(22)00010-4,1
10.1016/S1434-4610(22)00019-0,1
10.1016/S1434-4610(22)00036-0,1
10.1017/jpa.2021.114,1
10.1017/jpa.2021.117,0
10.1017/jpa.2021.118,0
10.1017/jpa.2021.120,0
10.1017/jpa.2021.121,0
10.1017/jpa.2021.122,0
10.1017/jpa.2021.123,1
10.1017/jpa.2021.124,0
10.1017/jpa.2021.125,1
10.1017/jpa.2021.133,1
10.1017/jpa.2021.134,1
10.1017/jpa.2021.2,1
10.1017/jpa.2022.1,0
10.1017/jpa.2022.10,0
10.1017/jpa.2022.11,1
10.1017/jpa.2022.12,1
10.1017/jpa.2022.14,1
10.1017/jpa.2022.15,0
10.1017/jpa.2022.16,0
10.1017/jpa.2022.17,1
10.1017/jpa.2022.18,1
10.1017/jpa.2022.19,0
10.1017/jpa.2022.2,1
10.1017/jpa.2022.20,0
10.1017/jpa.2022.21,0
10.1017/jpa.2022.22,1
10.1017/jpa.2022.23,1
10.1017/jpa.2022.24,1
10.1017/jpa.2022.25,0
10.1017/jpa.2022.26,0
10.1017/jpa.2022.27,0
10.1017/jpa.2022.28,0
10.1017/jpa.2022.29,0
10.1017/jpa.2022.3,1
10.1017/jpa.2022.30,1
10.1017/jpa.2022.31,1
10.1017/jpa.2022.32,1
10.1017/jpa.2022.33,1
10.1017/jpa.2022.34,0
10.1017/jpa.2022.35,1
10.1017/jpa.2022.36,0
10.1017/jpa.2022.37,0
10.1017/jpa.2022.38,0
10.1017/jpa.2022.4,0
10.1017/jpa.2022.40,1
10.1017/jpa.2022.41,0
10.1017/jpa.2022.42,1
10.1017/jpa.2022.44,0
10.1017/jpa.2022.45,0
10.1017/jpa.2022.46,1
10.1017/jpa.2022.47,0
10.1017/jpa.2022.48,1
10.1017/jpa.2022.5,1
10.1017/jpa.2022.53,0
10.1017/jpa.2022.54,1
10.1017/jpa.2022.56,0
10.1017/jpa.2022.57,0
10.1017/jpa.2022.58,0
10.1017/jpa.2022.6,0
10.1017/jpa.2022.60,1
10.1017/jpa.2022.61,1
10.1017/jpa.2022.62,1
10.1017/jpa.2022.63,1
10.1017/jpa.2022.64,1
10.1017/jpa.2022.65,1
10.1017/jpa.2022.66,1
10.1017/jpa.2022.68,0
10.1017/jpa.2022.69,0
10.1017/jpa.2022.75,1
10.1017/jpa.2022.8,0
10.1017/jpa.2022.9,0
10.1017/jpa.2022.92,1
10.1017/S0022149X22000189,0
10.1017/S0022149X22000232,0
10.1017/S0022149X22000372,0
10.1017/S0022149X22000426,1
10.1017/S0022149X22000657,0
10.1017/S0022149X22000670,0
10.1017/S0024282921000499,0
10.1017/S0024282922000020,0
10.1017/S0024282922000081,0
10.1017/S0024282922000123,1
10.1017/S0024282922000275,0
10.1017/S0025315421000862,1
10.1017/s0025315422000169,0
10.1017/s0025315422000650,0
10.1017/S0025315422000753,0
10.1017/S0031182022000208,0
10.1021/acs.accounts.2c00444,0
10.1021/acs.analchem.2c02666,1
10.1021/acs.jnatprod.1c01179,1
10.1021/jacs.2c02098,0
10.1038/s41429-022-00525-7,0
10.1038/s41429-022-00568-w,0
10.1038/s41429-022-00589-5,0
10.1038/s41467-022-28065-6,1
10.1038/s41467-022-28402-9,1
10.1038/s41559-022-01698-y,0
10.1038/s41564-022-01167-z,1
10.1038/s41598-021-03573-5,1
10.1038/s41598-022-06836-x,1
10.1038/s41598-022-09121-z,1
10.1038/s41598-022-10047-9,1
10.1038/s41598-022-10486-4,1
10.1038/s41598-022-11063-5,1
10.1038/s41598-022-16116-3,1
10.1038/s41598-022-19183-8,1
10.1038/s41598-022-22784-y,1
10.1038/s41598-022-24844-9,1
10.1038/s41598-022-25223-0,1
10.1038/s41598-022-25873-0,1
10.1038/s42003-021-02971-9,1
10.1038/s42003-022-03685-2,1
10.1038/s42003-022-04371-z,1
10.1038/s43705-022-00201-9,1
10.1039/d2dt01947g,0
10.1051/parasite/2021072,1
10.1051/parasite/2022035,1
10.1071/IS21002,0
10.1071/IS21011,0
10.1071/IS21013,0
10.1071/IS21015,0
10.1071/IS21019,0
10.1071/IS21022,0
10.1071/IS21026,0
10.1071/IS21028,0
10.1071/IS21038,1
10.1071/IS21040,0
10.1071/IS21041,1
10.1071/IS21044,0
10.1071/IS21047,0
10.1071/IS21053,0
10.1071/IS21054,0
10.1071/IS21056,0
10.1071/IS21057,0
10.1071/IS21058,0
10.1071/IS21061,0
10.1071/IS21062,0
10.1071/IS21066,0
10.1071/IS21067,0
10.1071/IS21068,0
10.1071/IS21071,0
10.1071/IS21073,1
10.1071/IS21075,1
10.1071/IS21076,1
10.1071/IS21080,0
10.1071/IS21081,0
10.1071/IS21082,0
10.1071/IS21084,0
10.1071/IS22007,0
10.1071/IS22008,0
10.1071/IS22011,0
10.1071/IS22013,1
10.1071/IS22018,0
10.1071/IS22020,0
10.1071/IS22026,0
10.1071/IS22028,0
10.1071/IS22031,0
10.1071/IS22035,1
10.1071/IS22042,0
10.1071/IS22043,1
10.1080/00222933.2022.2046886,0
10.1080/00222933.2022.2118642,0
10.1080/00222933.2022.2124892,0
10.1080/00222933.2022.2134059,0
10.1080/00275514.2021.1994815,1
10.1080/00275514.2021.2005985,0
10.1080/00275514.2021.2006995,0
10.1080/00275514.2021.2008765,1
10.1080/00275514.2021.2012063,0
10.1080/00275514.2021.2018881,0
10.1080/00275514.2021.2018889,1
10.1080/00275514.2021.2019547,0
10.1080/00275514.2021.2024407,0
10.1080/00275514.2021.2024422,0
10.1080/00275514.2022.2025563,0
10.1080/00275514.2022.2030081,0
10.1080/00275514.2022.2031493,0
10.1080/00275514.2022.2031780,0
10.1080/00275514.2022.2035148,0
10.1080/00275514.2022.2035156,0
10.1080/00275514.2022.2037307,0
10.1080/00275514.2022.2037338,1
10.1080/00275514.2022.2037339,1
10.1080/00275514.2022.2039487,0
10.1080/00275514.2022.2040285,1
10.1080/00275514.2022.2045116,1
10.1080/00275514.2022.2048625,0
10.1080/00275514.2022.2050127,0
10.1080/00275514.2022.2051972,0
10.1080/00275514.2022.2051986,0
10.1080/00275514.2022.2058853,0
10.1080/00275514.2022.2058854,0
10.1080/00275514.2022.2059639,1
10.1080/00275514.2022.2060007,0
10.1080/00275514.2022.2060008,0
10.1080/00275514.2022.2064170,0
10.1080/00275514.2022.2065441,0
10.1080/00275514.2022.2065443,1
10.1080/00275514.2022.2065781,0
10.1080/00275514.2022.2068114,0
10.1080/00275514.2022.2070389,1
10.1080/00275514.2022.2071119,0
10.1080/00275514.2022.2071563,1
10.1080/00275514.2022.2072140,1
10.1080/00275514.2022.2072148,0
10.1080/00275514.2022.2079368,0
10.1080/00275514.2022.2084672,0
10.1080/00275514.2022.2090219,0
10.1080/00275514.2022.2092365,0
10.1080/00275514.2022.2094046,0
10.1080/00275514.2022.2094116,0
10.1080/00275514.2022.2096822,0
10.1080/00275514.2022.2108977,1
10.1080/00275514.2022.2109914,0
10.1080/00275514.2022.2111052,0
10.1080/00275514.2022.2115284,0
10.1080/00275514.2022.2115419,1
10.1080/00275514.2022.2115420,0
10.1080/00275514.2022.2118512,0
10.1080/00275514.2022.2119761,1
10.1080/00275514.2022.2125712,0
10.1080/00275514.2022.2132088,1
10.1080/00275514.2022.2133526,0
10.1080/00275514.2022.2135915,0
10.1080/00275514.2022.2139144,0
10.1080/00275514.2022.2141558,0
10.1080/00275514.2022.2146473,0
10.1080/00275514.2022.2146978,0
10.1080/0028825X.2022.2064758,1
10.1080/0028825X.2022.2107939,0
10.1080/00305316.2021.2022546,0
10.1080/00305316.2021.2023056,0
10.1080/00305316.2021.2023679,0
10.1080/00305316.2021.2023680,0
10.1080/00305316.2021.2024464,0
10.1080/00305316.2021.2024465,0
10.1080/00305316.2022.2027828,0
10.1080/00305316.2022.2030290,0
10.1080/00305316.2022.2033335,0
10.1080/00305316.2022.2036259,0
10.1080/00305316.2022.2123056,0
10.1080/00318884.2021.2005330,0
10.1080/00318884.2021.2006589,1
10.1080/00318884.2022.2025727,0
10.1080/00318884.2022.2031781,0
10.1080/00318884.2022.2033948,0
10.1080/00318884.2022.2034364,0
10.1080/00318884.2022.2035169,0
10.1080/00318884.2022.2045080,0
10.1080/00318884.2022.2046933,0
10.1080/00318884.2022.2054252,0
10.1080/00318884.2022.2062189,0
10.1080/00318884.2022.2073422,0
10.1080/00318884.2022.2080996,0
10.1080/00318884.2022.2086428,0
10.1080/00318884.2022.2093540,0
10.1080/00318884.2022.2117932,0
10.1080/00318884.2022.2133269,0
10.1080/00318884.2022.2140548,0
10.1080/00318884.2022.2142430,0
10.1080/00379271.2021.2016484,0
10.1080/00379271.2022.2027270,0
10.1080/00379271.2022.2029562,0
10.1080/00379271.2022.2033641,0
10.1080/00379271.2022.2036639,0
10.1080/00379271.2022.2037461,1
10.1080/00379271.2022.2042853,1
10.1080/00379271.2022.2049457,0
10.1080/00379271.2022.2050470,0
10.1080/00379271.2022.2054468,0
10.1080/00379271.2022.2060859,0
10.1080/00379271.2022.2062446,0
10.1080/00379271.2022.2066018,0
10.1080/00379271.2022.2067076,0
10.1080/00379271.2022.2077832,0
10.1080/00379271.2022.2081606,0
10.1080/00379271.2022.2084641,0
10.1080/00379271.2022.2085627,0
10.1080/00379271.2022.2089233,0
10.1080/00379271.2022.2099972,0
10.1080/00379271.2022.2100480,0
10.1080/00379271.2022.2101526,0
10.1080/00379271.2022.2110515,0
10.1080/00379271.2022.2113341,1
10.1080/00379271.2022.2120536,0
10.1080/00379271.2022.2124191,0
10.1080/00379271.2022.2125071,0
10.1080/00379271.2022.2129450,0
10.1080/00379271.2022.2130505,0
10.1080/00379271.2022.2137059,0
10.1080/00379271.2022.2142158,0
10.1080/00379271.2022.2147864,0
10.1080/01647954.2021.2022758,0
10.1080/01647954.2022.2033319,0
10.1080/01647954.2022.2042382,0
10.1080/01647954.2022.2049365,0
10.1080/01647954.2022.2055642,0
10.1080/01647954.2022.2056244,0
10.1080/01647954.2022.2056245,0
10.1080/01647954.2022.2062049,0
10.1080/01647954.2022.2130424,0
10.1080/01647954.2022.2134451,0
10.1080/01650424.2022.2050261,0
10.1080/01650424.2022.2056202,0
10.1080/01650521.2021.2021013,0
10.1080/01650521.2021.2024054,1
10.1080/01650521.2021.2024055,1
10.1080/01650521.2022.2035119,0
10.1080/01650521.2022.2041322,0
10.1080/01650521.2022.2045784,0
10.1080/01650521.2022.2046962,0
10.1080/01650521.2022.2052685,0
10.1080/01650521.2022.2053459,0
10.1080/01650521.2022.2057159,0
10.1080/01650521.2022.2060544,0
10.1080/01650521.2022.2062184,0
10.1080/01650521.2022.2065738,0
10.1080/01650521.2022.2068223,0
10.1080/01650521.2022.2070097,0
10.1080/01650521.2022.2076964,0
10.1080/01650521.2022.2076983,0
10.1080/01650521.2022.2081466,1
10.1080/01650521.2022.2085018,0
10.1080/01650521.2022.2085071,0
10.1080/01650521.2022.2095832,0
10.1080/01650521.2022.2099679,1
10.1080/01650521.2022.2099694,1
10.1080/01650521.2022.2101351,0
10.1080/01650521.2022.2111991,0
10.1080/01650521.2022.2113853,0
10.1080/01650521.2022.2117530,1
10.1080/01650521.2022.2129020,0
10.1080/01650521.2022.2129336,0
10.1080/01650521.2022.2133410,0
10.1080/01650521.2022.2133591,0
10.1080/01650521.2022.2147045,1
10.1080/01650521.2022.2147046,1
10.1080/01650521.2022.2147435,0
10.1080/0269249X.2021.2010808,0
10.1080/0269249X.2022.2033327,1
10.1080/0269249X.2022.2078427,0
10.1080/0269249X.2022.2118834,0
10.1080/0269249X.2022.2130993,0
10.1080/03115518.2021.2012595,0
10.1080/03115518.2022.2126008,0
10.1080/03115518.2022.2126009,0
10.1080/03736687.2022.2041799,0
10.1080/03736687.2022.2078084,0
10.1080/08912963.2021.2014482,0
10.1080/08912963.2021.2018686,0
10.1080/08912963.2021.2023138,0
10.1080/08912963.2021.2025364,0
10.1080/08912963.2022.2032690,0
10.1080/08912963.2022.2060099,1
10.1080/08912963.2022.2067757,0
10.1080/08912963.2022.2089982,0
10.1080/08912963.2022.2109966,0
10.1080/08912963.2022.2117039,0
10.1080/08912963.2022.2117040,0
10.1080/08912963.2022.2130794,0
10.1080/08912963.2022.2134782,0
10.1080/08912963.2022.2134783,1
10.1080/08912963.2022.2142913,0
10.1080/08912963.2022.2157275,0
10.1080/09397140.2021.2021654,0
10.1080/09397140.2021.2021655,1
10.1080/09397140.2021.2021657,1
10.1080/09397140.2021.2021659,1
10.1080/09397140.2022.2030525,1
10.1080/09397140.2022.2030527,0
10.1080/09397140.2022.2030528,0
10.1080/09397140.2022.2030531,1
10.1080/09397140.2022.2030533,0
10.1080/09397140.2022.2034305,0
10.1080/09397140.2022.2034306,0
10.1080/09397140.2022.2034307,0
10.1080/09397140.2022.2051915,0
10.1080/09397140.2022.2051916,1
10.1080/09397140.2022.2051917,1
10.1080/09397140.2022.2051918,0
10.1080/09397140.2022.2058192,0
10.1080/09397140.2022.2058193,1
10.1080/09397140.2022.2058196,1
10.1080/09397140.2022.2073683,1
10.1080/09397140.2022.2073685,0
10.1080/09397140.2022.2073687,1
10.1080/09397140.2022.2073690,0
10.1080/09397140.2022.2073693,0
10.1080/09397140.2022.2077560,0
10.1080/09397140.2022.2077564,1
10.1080/09397140.2022.2077565,0
10.1080/09397140.2022.2109814,0
10.1080/09397140.2022.2109815,0
10.1080/09397140.2022.2109816,1
10.1080/09397140.2022.2109818,1
10.1080/09397140.2022.2109820,1
10.1080/09397140.2022.2109827,0
10.1080/09397140.2022.2116170,0
10.1080/09397140.2022.2116171,1
10.1080/09397140.2022.2121082,0
10.1080/09397140.2022.2121083,0
10.1080/09397140.2022.2121084,0
10.1080/09397140.2022.2121085,1
10.1080/09397140.2022.2145793,0
10.1080/09397140.2022.2145796,1
10.1080/09397140.2022.2145798,0
10.1080/09397140.2022.2145801,0
10.1080/09397140.2022.2145802,1
10.1080/09397140.2022.2145803,0
10.1080/09583157.2022.2035680,0
10.1080/09670262.2022.2027023,1
10.1080/09670262.2022.2029950,0
10.1080/09670262.2022.2042603,1
10.1080/09670262.2022.2116750,1
10.1080/11263504.2022.2100503,0
10.1080/11263504.2022.2100504,0
10.1080/12298093.2022.2058164,1
10.1080/13235818.2022.2035889,1
10.1080/13235818.2022.2102887,1
10.1080/13235818.2022.2110643,0
10.1080/13235818.2022.2151070,0
10.1080/14772000.2021.2012296,0
10.1080/14772000.2021.2014597,0
10.1080/14772000.2022.2030424,0
10.1080/14772000.2022.2030425,1
10.1080/14772000.2022.2039317,0
10.1080/14772000.2022.2039318,0
10.1080/14772000.2022.2046199,0
10.1080/14772000.2022.2116124,0
10.1080/14772000.2022.2118389,0
10.1080/14772000.2022.2135630,0
10.1080/14772019.2022.2109216,0
10.1080/17451000.2022.2043553,1
10.1080/17451000.2022.2046279,0
10.1080/17451000.2022.2048669,0
10.1080/21505594.2022.2026037,1
10.1080/21564574.2021.1998233,0
10.1080/21564574.2021.1998234,0
10.1080/21564574.2021.1998235,0
10.1080/21564574.2021.1998236,1
10.1080/21564574.2021.2014989,0
10.1080/21564574.2021.2019838,1
10.1080/21564574.2021.2019839,0
10.1080/21564574.2022.2036825,0
10.1080/21564574.2022.2043945,0
10.1080/21564574.2022.2055652,1
10.1080/21564574.2022.2055653,0
10.1080/21564574.2022.2062459,0
10.1080/21564574.2022.2098392,1
10.1080/21564574.2022.2098393,1
10.1080/21564574.2022.2115154,0
10.1080/23818107.2022.2062445,0
10.1080/23818107.2022.2095671,0
10.1080/23818107.2022.2124452,0
10.1080/23818107.2022.2156601,0
10.1080/24750263.2022.2032849,1
10.1080/24750263.2022.2034998,1
10.1080/24750263.2022.2107242,0
10.1080/26895293.2022.2114551,0
10.1086/719160,0
10.1086/720386,0
10.1086/721261,0
10.1086/721263,0
10.1089/scd.2021.0253,0
10.1093/aob/mcac001,1
10.1093/bib/bbac096,0
10.1093/botlinnean/boac041,1
10.1093/femsec/fiac113,0
10.1093/femsle/fnac066,0
10.1093/femsle/fnac074,0
10.1093/femsle/fnac086,0
10.1093/femsle/fnac099,0
10.1093/femsle/fnac112,0
10.1093/femsle/fnac119,0
10.1093/isd/ixab022,1
10.1093/isd/ixab023,1
10.1093/isd/ixab025,1
10.1093/isd/ixab026,1
10.1093/isd/ixab027,1
10.1093/isd/ixab028,1
10.1093/isd/ixab029,1
10.1093/isd/ixab030,0
10.1093/isd/ixab031,1
10.1093/isd/ixab032,0
10.1093/isd/ixac001,1
10.1093/isd/ixac002,1
10.1093/isd/ixac003,0
10.1093/isd/ixac004,1
10.1093/isd/ixac005,1
10.1093/isd/ixac008,1
10.1093/isd/ixac009,1
10.1093/isd/ixac010,0
10.1093/isd/ixac013,1
10.1093/isd/ixac014,0
10.1093/isd/ixac015,0
10.1093/isd/ixac016,0
10.1093/isd/ixac017,1
10.1093/isd/ixac019,1
10.1093/isd/ixac020,0
10.1093/isd/ixac024,0
10.1093/isd/ixac025,0
10.1093/isd/ixac026,1
10.1093/isd/ixac027,0
10.1093/isd/ixac028,0
10.1093/isd/ixac030,0
10.1093/jcbiol/ruab070,0
10.1093/jcbiol/ruab083,0
10.1093/jcbiol/ruac001,0
10.1093/jcbiol/ruac013,0
10.1093/jcbiol/ruac027,0
10.1093/jcbiol/ruac039,0
10.1093/jme/tjac071,0
10.1093/jme/tjac087,0
10.1093/jme/tjac098,0
10.1093/jme/tjac151,0
10.1093/mmy/myac001,1
10.1093/mollus/eyac022,0
10.1093/nsr/nwab084,1
10.1093/ornithapp/duac025,1
10.1093/zoolinnean/zlab047,1
10.1093/zoolinnean/zlab082,0
10.1093/zoolinnean/zlab086,0
10.1093/zoolinnean/zlab090,0
10.1093/zoolinnean/zlab091,0
10.1093/zoolinnean/zlab100,0
10.1093/zoolinnean/zlab102,0
10.1093/zoolinnean/zlab107,0
10.1093/zoolinnean/zlab109,0
10.1093/zoolinnean/zlab111,0
10.1093/zoolinnean/zlab112,0
10.1093/zoolinnean/zlab113,0
10.1093/zoolinnean/zlab114,0
10.1093/zoolinnean/zlab115,0
10.1093/zoolinnean/zlab118,1
10.1093/zoolinnean/zlab119,0
10.1093/zoolinnean/zlab120,1
10.1093/zoolinnean/zlab121,0
10.1093/zoolinnean/zlab122,0
10.1093/zoolinnean/zlab123,0
10.1093/zoolinnean/zlab124,0
10.1093/zoolinnean/zlab125,0
10.1093/zoolinnean/zlab126,0
10.1093/zoolinnean/zlab127,1
10.1093/zoolinnean/zlac002,0
10.1093/zoolinnean/zlac003,0
10.1093/zoolinnean/zlac004,0
10.1093/zoolinnean/zlac006,0
10.1093/zoolinnean/zlac008,0
10.1093/zoolinnean/zlac009,0
10.1093/zoolinnean/zlac010,0
10.1093/zoolinnean/zlac011,1
10.1093/zoolinnean/zlac013,0
10.1093/zoolinnean/zlac014,1
10.1093/zoolinnean/zlac015,0
10.1093/zoolinnean/zlac019,0
10.1093/zoolinnean/zlac020,0
10.1093/zoolinnean/zlac021,1
10.1093/zoolinnean/zlac022,0
10.1093/zoolinnean/zlac023,1
10.1093/zoolinnean/zlac025,0
10.1093/zoolinnean/zlac026,0
10.1093/zoolinnean/zlac028,0
10.1093/zoolinnean/zlac031,0
10.1093/zoolinnean/zlac032,0
10.1093/zoolinnean/zlac034,0
10.1093/zoolinnean/zlac036,0
10.1093/zoolinnean/zlac037,0
10.1093/zoolinnean/zlac039,0
10.1093/zoolinnean/zlac040,0
10.1093/zoolinnean/zlac041,0
10.1093/zoolinnean/zlac042,0
10.1093/zoolinnean/zlac044,0
10.1093/zoolinnean/zlac045,0
10.1093/zoolinnean/zlac046,0
10.1093/zoolinnean/zlac047,0
10.1093/zoolinnean/zlac048,0
10.1093/zoolinnean/zlac049,0
10.1093/zoolinnean/zlac051,1
10.1093/zoolinnean/zlac052,1
10.1093/zoolinnean/zlac053,0
10.1093/zoolinnean/zlac055,0
10.1093/zoolinnean/zlac058,1
10.1093/zoolinnean/zlac060,1
10.1093/zoolinnean/zlac062,1
10.1093/zoolinnean/zlac064,0
10.1093/zoolinnean/zlac069,0
10.1093/zoolinnean/zlac071,0
10.1093/zoolinnean/zlac073,0
10.1093/zoolinnean/zlac092,0
10.1094/PDIS-01-22-0097-RE,0
10.1094/PDIS-02-22-0448-FE,1
10.1094/PDIS-11-21-2444-RE,0
10.1094/PDIS-12-21-2774-PDN,1
10.1094/PHYTO-07-22-0243-SC,0
10.1098/rspb.2021.2708,0
10.1098/rspb.2022.1102,0
10.1099/ijsem.0.004477,0
10.1099/ijsem.0.004609,1
10.1099/ijsem.0.004616,0
10.1099/ijsem.0.004617,0
10.1099/ijsem.0.004618,0
10.1099/ijsem.0.004619,1
10.1099/ijsem.0.004620,1
10.1099/ijsem.0.004928,0
10.1099/ijsem.0.005095,0
10.1099/ijsem.0.005110,0
10.1099/ijsem.0.005153,1
10.1099/ijsem.0.005162,1
10.1099/ijsem.0.005173,0
10.1099/ijsem.0.005178,0
10.1099/ijsem.0.005179,0
10.1099/ijsem.0.005180,0
10.1099/ijsem.0.005181,0
10.1099/ijsem.0.005182,0
10.1099/ijsem.0.005183,0
10.1099/ijsem.0.005187,0
10.1099/ijsem.0.005188,0
10.1099/ijsem.0.005189,1
10.1099/ijsem.0.005190,1
10.1099/ijsem.0.005191,0
10.1099/ijsem.0.005193,1
10.1099/ijsem.0.005194,0
10.1099/ijsem.0.005195,0
10.1099/ijsem.0.005196,1
10.1099/ijsem.0.005198,0
10.1099/ijsem.0.005199,0
10.1099/ijsem.0.005200,0
10.1099/ijsem.0.005201,0
10.1099/ijsem.0.005202,0
10.1099/ijsem.0.005203,1
10.1099/ijsem.0.005204,0
10.1099/ijsem.0.005205,0
10.1099/ijsem.0.005206,0
10.1099/ijsem.0.005207,0
10.1099/ijsem.0.005208,0
10.1099/ijsem.0.005209,0
10.1099/ijsem.0.005210,0
10.1099/ijsem.0.005211,1
10.1099/ijsem.0.005212,1
10.1099/ijsem.0.005213,1
10.1099/ijsem.0.005214,0
10.1099/ijsem.0.005215,0
10.1099/ijsem.0.005216,0
10.1099/ijsem.0.005217,0
10.1099/ijsem.0.005218,0
10.1099/ijsem.0.005219,0
10.1099/ijsem.0.005220,0
10.1099/ijsem.0.005221,0
10.1099/ijsem.0.005222,0
10.1099/ijsem.0.005223,1
10.1099/ijsem.0.005224,0
10.1099/ijsem.0.005225,0
10.1099/ijsem.0.005226,0
10.1099/ijsem.0.005227,0
10.1099/ijsem.0.005228,0
10.1099/ijsem.0.005229,0
10.1099/ijsem.0.005230,0
10.1099/ijsem.0.005231,0
10.1099/ijsem.0.005232,0
10.1099/ijsem.0.005233,0
10.1099/ijsem.0.005234,0
10.1099/ijsem.0.005235,0
10.1099/ijsem.0.005236,0
10.1099/ijsem.0.005237,0
10.1099/ijsem.0.005238,0
10.1099/ijsem.0.005239,0
10.1099/ijsem.0.005240,1
10.1099/ijsem.0.005241,0
10.1099/ijsem.0.005242,0
10.1099/ijsem.0.005243,1
10.1099/ijsem.0.005244,0
10.1099/ijsem.0.005245,0
10.1099/ijsem.0.005246,0
10.1099/ijsem.0.005247,0
10.1099/ijsem.0.005248,0
10.1099/ijsem.0.005249,0
10.1099/ijsem.0.005250,0
10.1099/ijsem.0.005251,0
10.1099/ijsem.0.005252,0
10.1099/ijsem.0.005253,0
10.1099/ijsem.0.005254,0
10.1099/ijsem.0.005255,0
10.1099/ijsem.0.005257,0
10.1099/ijsem.0.005258,0
10.1099/ijsem.0.005259,0
10.1099/ijsem.0.005260,1
10.1099/ijsem.0.005261,0
10.1099/ijsem.0.005262,0
10.1099/ijsem.0.005263,1
10.1099/ijsem.0.005264,0
10.1099/ijsem.0.005265,0
10.1099/ijsem.0.005266,0
10.1099/ijsem.0.005267,0
10.1099/ijsem.0.005268,1
10.1099/ijsem.0.005269,0
10.1099/ijsem.0.005270,0
10.1099/ijsem.0.005271,0
10.1099/ijsem.0.005272,0
10.1099/ijsem.0.005273,1
10.1099/ijsem.0.005274,1
10.1099/ijsem.0.005275,0
10.1099/ijsem.0.005276,1
10.1099/ijsem.0.005277,0
10.1099/ijsem.0.005278,0
10.1099/ijsem.0.005279,0
10.1099/ijsem.0.005280,1
10.1099/ijsem.0.005281,0
10.1099/ijsem.0.005282,0
10.1099/ijsem.0.005283,0
10.1099/ijsem.0.005284,1
10.1099/ijsem.0.005285,1
10.1099/ijsem.0.005286,0
10.1099/ijsem.0.005287,0
10.1099/ijsem.0.005288,0
10.1099/ijsem.0.005289,0
10.1099/ijsem.0.005290,0
10.1099/ijsem.0.005291,0
10.1099/ijsem.0.005292,1
10.1099/ijsem.0.005293,0
10.1099/ijsem.0.005296,0
10.1099/ijsem.0.005297,0
10.1099/ijsem.0.005300,1
10.1099/ijsem.0.005301,1
10.1099/ijsem.0.005302,0
10.1099/ijsem.0.005304,0
10.1099/ijsem.0.005305,0
10.1099/ijsem.0.005306,0
10.1099/ijsem.0.005307,0
10.1099/ijsem.0.005308,0
10.1099/ijsem.0.005309,0
10.1099/ijsem.0.005310,0
10.1099/ijsem.0.005311,0
10.1099/ijsem.0.005312,0
10.1099/ijsem.0.005313,1
10.1099/ijsem.0.005314,0
10.1099/ijsem.0.005315,0
10.1099/ijsem.0.005316,1
10.1099/ijsem.0.005317,0
10.1099/ijsem.0.005318,0
10.1099/ijsem.0.005319,1
10.1099/ijsem.0.005320,0
10.1099/ijsem.0.005321,0
10.1099/ijsem.0.005322,1
10.1099/ijsem.0.005323,0
10.1099/ijsem.0.005324,0
10.1099/ijsem.0.005325,0
10.1099/ijsem.0.005326,0
10.1099/ijsem.0.005327,0
10.1099/ijsem.0.005328,1
10.1099/ijsem.0.005329,0
10.1099/ijsem.0.005330,0
10.1099/ijsem.0.005331,1
10.1099/ijsem.0.005333,1
10.1099/ijsem.0.005334,0
10.1099/ijsem.0.005335,0
10.1099/ijsem.0.005336,0
10.1099/ijsem.0.005337,0
10.1099/ijsem.0.005338,1
10.1099/ijsem.0.005339,0
10.1099/ijsem.0.005340,0
10.1099/ijsem.0.005341,0
10.1099/ijsem.0.005342,0
10.1099/ijsem.0.005343,1
10.1099/ijsem.0.005345,0
10.1099/ijsem.0.005346,0
10.1099/ijsem.0.005347,0
10.1099/ijsem.0.005348,0
10.1099/ijsem.0.005349,0
10.1099/ijsem.0.005351,0
10.1099/ijsem.0.005352,0
10.1099/ijsem.0.005353,1
10.1099/ijsem.0.005354,0
10.1099/ijsem.0.005355,0
10.1099/ijsem.0.005356,0
10.1099/ijsem.0.005357,0
10.1099/ijsem.0.005358,0
10.1099/ijsem.0.005359,0
10.1099/ijsem.0.005360,0
10.1099/ijsem.0.005361,0
10.1099/ijsem.0.005362,0
10.1099/ijsem.0.005363,0
10.1099/ijsem.0.005364,0
10.1099/ijsem.0.005366,0
10.1099/ijsem.0.005367,0
10.1099/ijsem.0.005368,0
10.1099/ijsem.0.005369,0
10.1099/ijsem.0.005370,0
10.1099/ijsem.0.005371,0
10.1099/ijsem.0.005372,0
10.1099/ijsem.0.005373,0
10.1099/ijsem.0.005374,0
10.1099/ijsem.0.005376,0
10.1099/ijsem.0.005377,0
10.1099/ijsem.0.005379,0
10.1099/ijsem.0.005380,0
10.1099/ijsem.0.005381,0
10.1099/ijsem.0.005383,1
10.1099/ijsem.0.005385,0
10.1099/ijsem.0.005387,0
10.1099/ijsem.0.005391,0
10.1099/ijsem.0.005393,0
10.1099/ijsem.0.005394,0
10.1099/ijsem.0.005396,0
10.1099/ijsem.0.005397,0
10.1099/ijsem.0.005398,0
10.1099/ijsem.0.005399,0
10.1099/ijsem.0.005400,0
10.1099/ijsem.0.005401,0
10.1099/ijsem.0.005402,0
10.1099/ijsem.0.005404,0
10.1099/ijsem.0.005405,0
10.1099/ijsem.0.005406,0
10.1099/ijsem.0.005407,0
10.1099/ijsem.0.005408,0
10.1099/ijsem.0.005409,0
10.1099/ijsem.0.005410,1
10.1099/ijsem.0.005411,0
10.1099/ijsem.0.005412,0
10.1099/ijsem.0.005414,0
10.1099/ijsem.0.005415,0
10.1099/ijsem.0.005416,0
10.1099/ijsem.0.005417,0
10.1099/ijsem.0.005418,0
10.1099/ijsem.0.005419,0
10.1099/ijsem.0.005420,0
10.1099/ijsem.0.005421,0
10.1099/ijsem.0.005423,0
10.1099/ijsem.0.005424,0
10.1099/ijsem.0.005425,0
10.1099/ijsem.0.005426,0
10.1099/ijsem.0.005427,1
10.1099/ijsem.0.005428,0
10.1099/ijsem.0.005429,1
10.1099/ijsem.0.005430,0
10.1099/ijsem.0.005431,0
10.1099/ijsem.0.005432,0
10.1099/ijsem.0.005433,0
10.1099/ijsem.0.005435,0
10.1099/ijsem.0.005436,0
10.1099/ijsem.0.005439,0
10.1099/ijsem.0.005441,1
10.1099/ijsem.0.005442,0
10.1099/ijsem.0.005444,0
10.1099/ijsem.0.005446,1
10.1099/ijsem.0.005447,0
10.1099/ijsem.0.005448,0
10.1099/ijsem.0.005449,1
10.1099/ijsem.0.005450,0
10.1099/ijsem.0.005452,0
10.1099/ijsem.0.005454,0
10.1099/ijsem.0.005455,0
10.1099/ijsem.0.005456,0
10.1099/ijsem.0.005457,0
10.1099/ijsem.0.005458,0
10.1099/ijsem.0.005459,0
10.1099/ijsem.0.005460,0
10.1099/ijsem.0.005461,0
10.1099/ijsem.0.005462,0
10.1099/ijsem.0.005463,0
10.1099/ijsem.0.005464,0
10.1099/ijsem.0.005465,0
10.1099/ijsem.0.005466,0
10.1099/ijsem.0.005467,0
10.1099/ijsem.0.005468,0
10.1099/ijsem.0.005469,0
10.1099/ijsem.0.005470,0
10.1099/ijsem.0.005471,0
10.1099/ijsem.0.005472,0
10.1099/ijsem.0.005473,0
10.1099/ijsem.0.005474,0
10.1099/ijsem.0.005475,0
10.1099/ijsem.0.005476,0
10.1099/ijsem.0.005477,0
10.1099/ijsem.0.005478,0
10.1099/ijsem.0.005479,0
10.1099/ijsem.0.005480,1
10.1099/ijsem.0.005481,0
10.1099/ijsem.0.005482,1
10.1099/ijsem.0.005483,0
10.1099/ijsem.0.005484,0
10.1099/ijsem.0.005485,0
10.1099/ijsem.0.005486,0
10.1099/ijsem.0.005487,0
10.1099/ijsem.0.005488,0
10.1099/ijsem.0.005489,0
10.1099/ijsem.0.005492,0
10.1099/ijsem.0.005493,0
10.1099/ijsem.0.005494,0
10.1099/ijsem.0.005495,0
10.1099/ijsem.0.005496,0
10.1099/ijsem.0.005497,0
10.1099/ijsem.0.005498,1
10.1099/ijsem.0.005499,0
10.1099/ijsem.0.005501,0
10.1099/ijsem.0.005502,0
10.1099/ijsem.0.005503,0
10.1099/ijsem.0.005504,0
10.1099/ijsem.0.005505,0
10.1099/ijsem.0.005506,0
10.1099/ijsem.0.005507,0
10.1099/ijsem.0.005508,0
10.1099/ijsem.0.005509,0
10.1099/ijsem.0.005510,0
10.1099/ijsem.0.005511,0
10.1099/ijsem.0.005512,1
10.1099/ijsem.0.005513,0
10.1099/ijsem.0.005514,0
10.1099/ijsem.0.005515,0
10.1099/ijsem.0.005516,0
10.1099/ijsem.0.005517,0
10.1099/ijsem.0.005518,1
10.1099/ijsem.0.005519,0
10.1099/ijsem.0.005520,0
10.1099/ijsem.0.005521,0
10.1099/ijsem.0.005522,0
10.1099/ijsem.0.005523,0
10.1099/ijsem.0.005524,0
10.1099/ijsem.0.005525,0
10.1099/ijsem.0.005527,0
10.1099/ijsem.0.005528,0
10.1099/ijsem.0.005530,0
10.1099/ijsem.0.005531,0
10.1099/ijsem.0.005532,0
10.1099/ijsem.0.005533,0
10.1099/ijsem.0.005534,0
10.1099/ijsem.0.005535,0
10.1099/ijsem.0.005536,0
10.1099/ijsem.0.005537,0
10.1099/ijsem.0.005538,0
10.1099/ijsem.0.005539,0
10.1099/ijsem.0.005541,0
10.1099/ijsem.0.005542,1
10.1099/ijsem.0.005543,0
10.1099/ijsem.0.005544,0
10.1099/ijsem.0.005545,0
10.1099/ijsem.0.005546,0
10.1099/ijsem.0.005547,0
10.1099/ijsem.0.005548,0
10.1099/ijsem.0.005552,0
10.1099/ijsem.0.005555,0
10.1099/ijsem.0.005558,0
10.1099/ijsem.0.005561,0
10.1099/ijsem.0.005563,0
10.1099/ijsem.0.005565,0
10.1099/ijsem.0.005567,0
10.1099/ijsem.0.005568,0
10.1099/ijsem.0.005569,0
10.1099/ijsem.0.005571,0
10.1099/ijsem.0.005572,0
10.1099/ijsem.0.005574,0
10.1099/ijsem.0.005576,0
10.1099/ijsem.0.005577,0
10.1099/ijsem.0.005578,0
10.1099/ijsem.0.005579,0
10.1099/ijsem.0.005580,0
10.1099/ijsem.0.005581,0
10.1099/ijsem.0.005582,0
10.1099/ijsem.0.005587,0
10.1099/ijsem.0.005593,0
10.1099/ijsem.0.005599,1
10.1099/ijsem.0.005600,1
10.1099/ijsem.0.005601,0
10.1099/ijsem.0.005602,0
10.1099/ijsem.0.005603,0
10.1099/ijsem.0.005604,0
10.1099/ijsem.0.005606,0
10.1099/ijsem.0.005608,0
10.1099/ijsem.0.005610,0
10.1099/ijsem.0.005615,0
10.1099/ijsem.0.005616,0
10.1099/ijsem.0.005621,0
10.1099/ijsem.0.005622,0
10.1099/ijsem.0.005623,0
10.1099/ijsem.0.005624,0
10.1099/ijsem.0.005626,0
10.1099/ijsem.0.005627,0
10.1099/ijsem.0.005628,0
10.1099/ijsem.0.005629,0
10.1099/ijsem.0.005630,1
10.1099/ijsem.0.005631,0
10.1099/ijsem.0.005632,0
10.1099/ijsem.0.005633,0
10.1099/ijsem.0.005634,0
10.1099/ijsem.0.005636,0
10.1099/ijsem.0.005637,0
10.1099/ijsem.0.005638,0
10.1099/ijsem.0.005640,0
10.1099/ijsem.0.005647,0
10.1099/ijsem.0.005659,0
10.1099/ijsem.0.005680,1
10.1099/ijsem.0.005754,0
10.1101/2022.01.14.476417,1
10.1101/2022.01.26.477889,1
10.1101/2022.02.08.479620.full,0
10.1101/2022.02.17.480913,1
10.1101/2022.03.02.482672,1
10.1101/2022.03.04.482989,1
10.1101/2022.03.05.483086,1
10.1101/2022.03.10.483821,1
10.1111/1462-2920.16016,1
10.1111/1755-0998.13591,1
10.1111/1758-2229.13066,0
10.1111/aen.12579,0
10.1111/aen.12582,0
10.1111/aen.12583,0
10.1111/btp.13062,0
10.1111/cla.12503,1
10.1111/eva.13281,1
10.1111/jeu.12889,0
10.1111/jeu.12902,0
10.1111/jeu.12938,0
10.1111/jfb.15011,0
10.1111/jfb.15031,0
10.1111/jfb.15071,0
10.1111/jfb.15255,0
10.1111/jpy.13234,0
10.1111/jpy.13246,0
10.1111/jpy.13248,0
10.1111/jse.12811,1
10.1111/jse.12831,0
10.1111/jvs.13122,0
10.1111/njb.03106,0
10.1111/njb.03203,0
10.1111/njb.03237,0
10.1111/njb.03238,1
10.1111/njb.03290,0
10.1111/njb.03304,0
10.1111/njb.03314,1
10.1111/njb.03326,0
10.1111/njb.03345,0
10.1111/njb.03385,0
10.1111/njb.03387,0
10.1111/njb.03389,0
10.1111/njb.03390,0
10.1111/njb.03392,0
10.1111/njb.03403,0
10.1111/njb.03411,0
10.1111/njb.03412,0
10.1111/njb.03417,0
10.1111/njb.03422,0
10.1111/njb.03424,0
10.1111/njb.03425,0
10.1111/njb.03427,0
10.1111/njb.03430,0
10.1111/njb.03442,1
10.1111/njb.03455,0
10.1111/njb.03464,0
10.1111/njb.03470,1
10.1111/njb.03471,1
10.1111/njb.03476,0
10.1111/njb.03482,1
10.1111/njb.03490,0
10.1111/njb.03491,0
10.1111/njb.03492,0
10.1111/njb.03493,1
10.1111/njb.03494,0
10.1111/njb.03496,0
10.1111/njb.03501,1
10.1111/njb.03505,0
10.1111/njb.03507,0
10.1111/njb.03510,0
10.1111/njb.03520,1
10.1111/njb.03521,0
10.1111/njb.03524,0
10.1111/njb.03534,0
10.1111/njb.03535,1
10.1111/njb.03543,0
10.1111/njb.03549,1
10.1111/njb.03550,0
10.1111/njb.03562,0
10.1111/njb.03564,0
10.1111/njb.03566,0
10.1111/njb.03567,0
10.1111/njb.03568,0
10.1111/njb.03573,0
10.1111/njb.03579,0
10.1111/njb.03580,0
10.1111/njb.03581,0
10.1111/njb.03601,0
10.1111/njb.03608,0
10.1111/njb.03611,0
10.1111/njb.03612,0
10.1111/njb.03620,1
10.1111/njb.03632,0
10.1111/njb.03636,1
10.1111/njb.03643,0
10.1111/njb.03644,0
10.1111/njb.03646,0
10.1111/njb.03648,0
10.1111/njb.03649,0
10.1111/njb.03654,0
10.1111/njb.03660,0
10.1111/njb.03662,1
10.1111/njb.03663,0
10.1111/njb.03670,0
10.1111/njb.03671,0
10.1111/njb.03676,0
10.1111/njb.03679,0
10.1111/njb.03683,0
10.1111/njb.03684,0
10.1111/njb.03686,0
10.1111/njb.03687,1
10.1111/njb.03688,0
10.1111/njb.03692,0
10.1111/njb.03704,0
10.1111/njb.03706,0
10.1111/njb.03708,0
10.1111/njb.03711,0
10.1111/njb.03716,0
10.1111/njb.03717,0
10.1111/njb.03719,1
10.1111/njb.03721,0
10.1111/njb.03724,0
10.1111/njb.03727,0
10.1111/njb.03731,0
10.1111/njb.03742,0
10.1111/njb.03748,0
10.1111/njb.03749,0
10.1111/njb.03751,0
10.1111/njb.03756,0
10.1111/njb.03759,0
10.1111/njb.03760,0
10.1111/njb.03770,0
10.1111/njb.03773,0
10.1111/njb.03776,1
10.1111/njb.03792,0
10.1111/njb.03801,0
10.1111/njb.03803,0
10.1111/njb.03806,0
10.1111/njb.03829,0
10.1111/nph.17956,0
10.1111/nph.17991,1
10.1111/odi.14373,0
10.1111/tbed.14477,1
10.1111/zsc.12527,0
10.11158/saa.27.1.1,1
10.11158/saa.27.1.13,0
10.11158/saa.27.1.2,0
10.11158/saa.27.1.3,0
10.11158/saa.27.1.4,0
10.11158/saa.27.1.5,0
10.11158/saa.27.1.7,0
10.11158/saa.27.1.9,0
10.11158/saa.27.10.1,0
10.11158/saa.27.10.14,0
10.11158/saa.27.10.16,0
10.11158/saa.27.10.17,0
10.11158/saa.27.10.18,0
10.11158/saa.27.10.20,1
10.11158/saa.27.10.3,0
10.11158/saa.27.10.4,0
10.11158/saa.27.10.5,0
10.11158/saa.27.10.6,1
10.11158/saa.27.11.11,0
10.11158/saa.27.11.12,0
10.11158/saa.27.11.13,0
10.11158/saa.27.11.16,0
10.11158/saa.27.11.17,0
10.11158/saa.27.11.6,0
10.11158/saa.27.11.7,0
10.11158/saa.27.11.8,0
10.11158/saa.27.12.1,0
10.11158/saa.27.12.12,0
10.11158/saa.27.12.6,0
10.11158/saa.27.12.7,0
10.11158/saa.27.12.9,0
10.11158/saa.27.2.1,1
10.11158/saa.27.2.2,1
10.11158/saa.27.2.4,0
10.11158/saa.27.2.8,0
10.11158/saa.27.3.12,0
10.11158/saa.27.3.14,0
10.11158/saa.27.3.15,0
10.11158/saa.27.3.16,0
10.11158/saa.27.3.3,0
10.11158/saa.27.3.6,1
10.11158/saa.27.3.7,0
10.11158/saa.27.3.8,0
10.11158/saa.27.4.10,0
10.11158/saa.27.4.12,0
10.11158/saa.27.4.3,0
10.11158/saa.27.4.4,0
10.11158/saa.27.4.5,0
10.11158/saa.27.4.6,0
10.11158/saa.27.4.8,0
10.11158/saa.27.5.4,0
10.11158/saa.27.5.6,0
10.11158/saa.27.5.7,0
10.11158/saa.27.5.9,0
10.11158/saa.27.6.1,0
10.11158/saa.27.6.11,0
10.11158/saa.27.6.14,0
10.11158/saa.27.6.15,1
10.11158/saa.27.6.16,1
10.11158/saa.27.6.17,1
10.11158/saa.27.6.18,0
10.11158/saa.27.6.3,0
10.11158/saa.27.6.4,0
10.11158/saa.27.6.7,0
10.11158/saa.27.6.9,0
10.11158/saa.27.7.1,0
10.11158/saa.27.7.10,0
10.11158/saa.27.7.11,0
10.11158/saa.27.7.12,0
10.11158/saa.27.7.13,0
10.11158/saa.27.7.3,0
10.11158/saa.27.7.5,0
10.11158/saa.27.7.8,0
10.11158/saa.27.8.10,0
10.11158/saa.27.8.12,0
10.11158/saa.27.8.16,0
10.11158/saa.27.8.2,0
10.11158/saa.27.8.4,0
10.11158/saa.27.8.8,0
10.11158/saa.27.9.1,0
10.11158/saa.27.9.10,0
10.11158/saa.27.9.2,1
10.11158/saa.27.9.3,0
10.11158/saa.27.9.5,0
10.11158/saa.27.9.7,0
10.1127/njgpa/2022/1060,0
10.1127/njgpa/2022/1087,0
10.1127/nova_hedwigia/2022/0666,0
10.1127/nova_hedwigia/2022/0667,0
10.1127/nova_hedwigia/2022/0668,0
10.1127/nova_hedwigia/2022/0669,0
10.1127/nova_hedwigia/2022/0670,0
10.1127/nova_hedwigia/2022/0671,0
10.1127/nova_hedwigia/2022/0672,0
10.1127/nova_hedwigia/2022/0673,0
10.1127/nova_hedwigia/2022/0674,0
10.1127/nova_hedwigia/2022/0675,0
10.1127/nova_hedwigia/2022/0677,0
10.1127/nova_hedwigia/2022/0678,0
10.1127/nova_hedwigia/2022/0680,0
10.1127/nova_hedwigia/2022/0681,0
10.1127/nova_hedwigia/2022/0682,0
10.1127/nova_hedwigia/2022/0683,0
10.1127/nova_hedwigia/2022/0684,0
10.1127/nova_hedwigia/2022/0685,0
10.1127/nova_hedwigia/2022/0686,0
10.1127/nova_hedwigia/2022/0687,0
10.1127/nova_hedwigia/2022/0688,0
10.1127/nova_hedwigia/2022/0689,0
10.1127/nova_hedwigia/2022/0690,0
10.1127/nova_hedwigia/2022/0691,0
10.1127/nova_hedwigia/2022/0692,0
10.1127/nova_hedwigia/2022/0695,0
10.1127/nova_hedwigia/2022/0696,0
10.1127/nova_hedwigia/2022/0697,0
10.1127/nova_hedwigia/2022/0698,0
10.1127/nova_hedwigia/2022/0699,0
10.1127/nova_hedwigia/2022/0700,0
10.1127/nova_hedwigia/2022/0702,0
10.1127/nova_hedwigia/2022/0703,0
10.1127/nova_hedwigia/2022/0704,0
10.1127/nova_hedwigia/2022/0705,0
10.1127/nova_hedwigia/2022/0706,0
10.1127/nova_hedwigia/2022/0707,0
10.1127/nova_hedwigia/2022/0708,0
10.1127/nova_hedwigia/2022/0710,0
10.1127/nova_hedwigia/2022/0711,0
10.1127/nova_hedwigia/2022/0712,0
10.1127/nova_hedwigia/2022/0713,0
10.1127/nova_hedwigia/2022/0714,0
10.1127/nova_hedwigia/2022/0715,0
10.1127/nova_hedwigia/2022/0716,0
10.1127/nova_hedwigia/2022/0717,0
10.1127/nova_hedwigia/2022/0718,0
10.1127/nova_hedwigia/2022/0719,0
10.1127/nova_hedwigia/2022/0720,0
10.1127/nova_hedwigia/2022/0721,0
10.1127/nova_hedwigia/2022/0722,0
10.1127/nova_hedwigia/2022/0801,0
10.1127/pala/2022/0134,0
10.1128/mbio.03421-21,1
10.1128/mra.00030-22,1
10.1128/mra.01038-22,1
10.1128/msphere.00908-21,1
10.1128/msystems.00016-22,1
10.1134/S0026261722020114,1
10.1134/S0031030121120042,0
10.1134/S0031030121120078,0
10.1134/S0031030122010026,0
10.1134/S0031030122010087,0
10.1134/S0031030122030042,0
10.1134/S0031030122040037,0
10.1134/S0031030122040049,0
10.1134/S0031030122040050,0
10.1134/S0031030122040086,0
10.1134/S0031030122040116,0
10.1134/S0031030122040128,0
10.1134/S003103012204013X,0
10.1134/S0031030122050057,0
10.1134/S0031030122050070,0
10.1134/S0031030122060120,0
10.1134/S0032945221060126,0
10.1134/S0032945222020047,0
10.1134/S0032945222020151,0
10.1134/S0032945222030158,0
10.1134/S1995082922030087,0
10.1139/cjes-2021-0105,0
10.1139/cjes-2021-0166,0
10.1139/cjz-2021-0131,1
10.1139/cjz-2021-0160,0
10.1139/cjz-2022-0058,0
10.11464/diatom.38.1,0
10.1155/2022/7151655,1
10.1159/000523747,1
10.11609/jott.4715.14.6.21290-21295,1
10.11609/jott.4793.14.9.21826-21835,1
10.11609/jott.4943.14.7.21347-21355,1
10.11609/jott.5299.14.8.21660-21695,1
10.11609/jott.5490.14.5.21043-21054,1
10.11609/jott.5589.14.6.21170-21178,1
10.11609/jott.5658.14.12.22346-22350,1
10.11609/jott.5738.14.7.21356-21367,1
10.11609/jott.5813.14.7.21388-21395,1
10.11609/jott.5870.14.9.21900-21902,1
10.11609/jott.5916.14.9.21870-21890,1
10.11609/jott.5942.14.1.20433-20443,1
10.11609/jott.5956.14.1.20526-20529,0
10.11609/jott.5977.14.6.21239-21245,1
10.11609/jott.6178.14.3.20703-20712,1
10.11609/jott.6321.14.7.21484-21486,1
10.11609/jott.6330.14.12.22309-22328,1
10.11609/jott.6347.14.7.21458-21461,1
10.11609/jott.6377.14.1.20523-20525,1
10.11609/jott.6381.14.4.20859-20865,1
10.11609/jott.6455.14.4.20840-20847,1
10.11609/jott.6458.14.8.21508-21528,1
10.11609/jott.6485.14.7.21476-21479,1
10.11609/jott.6536.14.3.20792-20797,1
10.11609/jott.6551.14.5.21068-21075,1
10.11609/jott.6583.14.2.20576-20583,1
10.11609/jott.6659.14.11.22156-22163,1
10.11609/jott.6664.14.1.20311-20322,1
10.11609/jott.6692.14.5.21002-21009,1
10.11609/jott.6705.14.5.20988-21001,1
10.11609/jott.6708.14.5.21117-21121,1
10.11609/jott.6721.14.5.21076-21083,1
10.11609/jott.6754.14.3.20758-20772,1
10.11609/jott.6762.14.1.20461-20468,1
10.11609/jott.6786.14.2.20539-20549,1
10.11609/jott.6804.14.4.20811-20820,1
10.11609/jott.6817.14.12.22260-22269,1
10.11609/jott.6831.14.1.20530-20533,1
10.11609/jott.6899.14.2.20637-20642,1
10.11609/jott.6900.14.8.21605-21611,1
10.11609/jott.6910.14.4.20915-20920,1
10.11609/jott.6913.14.2.20625-20630,1
10.11609/jott.6919.14.8.21553-21560,1
10.11609/jott.6928.14.5.21091-21101,1
10.11609/jott.6962.14.3.20780-20785,1
10.11609/jott.6970.14.1.20426-20432,1
10.11609/jott.6977.14.1.20387-20399,1
10.11609/jott.6985.14.3.20773-20779,1
10.11609/jott.6999.14.2.20597-20605,1
10.11609/jott.7011.14.9.21769-21775,1
10.11609/jott.7021.14.2.20584-20596,1
10.11609/jott.7048.14.1.20534-20536,1
10.11609/jott.7058.14.8.21720-21726,1
10.11609/jott.7067.14.8.21561-21578,1
10.11609/jott.7075.14.7.21453-21457,1
10.11609/jott.7092.14.4.20866-20872,1
10.11609/jott.7117.14.1.20400-20405,1
10.11609/jott.7133.14.7.21432-21441,1
10.11609/jott.7165.14.3.20747-20757,1
10.11609/jott.7203.14.5.21025-21031,1
10.11609/jott.7208.14.1.20323-20345,1
10.11609/jott.7261.14.3.20713-20720,1
10.11609/jott.7267.14.1.20413-20425,1
10.11609/jott.7275.14.4.20943-20945,1
10.11609/jott.7306.14.3.20740-20746,1
10.11609/jott.7327.14.4.20908-20914,1
10.11609/jott.7341.14.4.20828-20839,1
10.11609/jott.7360.14.6.21266-21281,1
10.11609/jott.7417.14.2.20566-20575,1
10.11609/jott.7419.14.2.20606-20614,1
10.11609/jott.7427.14.2.20643-20647,1
10.11609/jott.7437.14.1.20444-20460,1
10.11609/jott.7443.14.4.20873-20889,1
10.11609/jott.7445.14.4.20926-20929,1
10.11609/jott.7452.14.1.20371-20386,1
10.11609/jott.7454.14.8.21696-21703,1
10.11609/jott.7458.14.9.21862-21869,1
10.11609/jott.7471.14.5.21032-21042,1
10.11609/jott.7477.14.1.20469-20477,1
10.11609/jott.7481.14.11.22184-22189,1
10.11609/jott.7483.14.7.21331-21346,1
10.11609/jott.7485.14.4.20848-20858,1
10.11609/jott.7487.14.6.21246-21265,1
10.11609/jott.7490.14.6.21155-21160,1
10.11609/jott.7504.14.2.20654-20665,1
10.11609/jott.7511.14.11.22105-22117,1
10.11609/jott.7517.14.8.21727-21732,1
10.11609/jott.7522.14.9.21895-21897,1
10.11609/jott.7530.14.6.21302-21306,1
10.11609/jott.7545.14.2.20686-20688,1
10.11609/jott.7549.14.5.21055-21067,1
10.11609/jott.7550.14.6.21321-21323,1
10.11609/jott.7553.14.12.22270-22276,1
10.11609/jott.7558.14.2.20672-20676,1
10.11609/jott.7560.14.1.20478-20487,1
10.11609/jott.7564.14.2.20683-20685,1
10.11609/jott.7572.14.6.21127-21139,1
10.11609/jott.7575.14.3.20733-20739,1
10.11609/jott.7578.14.1.20494-20499,1
10.11609/jott.7581.14.2.20550-20565,1
10.11609/jott.7583.14.5.21019-21024,1
10.11609/jott.7589.14.9.21811-21817,1
10.11609/jott.7590.14.6.21324–21326,0
10.11609/jott.7591.14.3.20805-20807,0
10.11609/jott.7592.14.8.21529-21552,1
10.11609/jott.7593.14.8.21704-21709,1
10.11609/jott.7606.14.5.21084-21090,1
10.11609/jott.7607.14.4.20821-20827,1
10.11609/jott.7611.14.4.20921-20925,1
10.11609/jott.7613.14.8.21619-21641,1
10.11609/jott.7615.14.3.20808-20810,1
10.11609/jott.7621.14.8.21579-21587,1
10.11609/jott.7630.14.6.21307-21310,1
10.11609/jott.7635.14.6.21311-21314,1
10.11609/jott.7638.14.1.20503-20510,1
10.11609/jott.7640.14.11.22039-22057,1
10.11609/jott.7643.14.2.20689-20691,1
10.11609/jott.7650.14.9.21818-21825,1
10.11609/jott.7652.14.1.20511-20516,1
10.11609/jott.7660.14.2.20677-20679,1
10.11609/jott.7662.14.6.21327-21330,1
10.11609/jott.7663.14.2.20615-20624,1
10.11609/jott.7666.14.5.21010-21018,1
10.11609/jott.7670.14.1.20488-20493,1
10.11609/jott.7672.14.2.20648-20653,1
10.11609/jott.7677.14.2.20692-20694,1
10.11609/jott.7681.14.6.21179-21189,1
10.11609/jott.7682.14.7.21368-21387,1
10.11609/jott.7683.14.7.21409-21420,1
10.11609/jott.7687.14.6.21190-21198,1
10.11609/jott.7700.14.3.20801-20804,1
10.11609/jott.7711.14.1.20346-20370,1
10.11609/jott.7713.14.1.20517-20522,1
10.11609/jott.7715.14.11.22164-22178,1
10.11609/jott.7718.14.4.20946-20950,1
10.11609/jott.7719.14.1.20406-20412,0
10.11609/jott.7722.14.2.20680-20682,1
10.11609/jott.7726.14.6.21140-21148,1
10.11609/jott.7727.14.9.21805-21810,1
10.11609/jott.7730.14.4.20903-20907,1
10.11609/jott.7742.14.2.20695-20697,1
10.11609/jott.7748.14.3.20721-20732,1
10.11609/jott.7751.14.11.22179-22183,1
10.11609/jott.7753.14.1.20500-20502,0
10.11609/jott.7758.14.5.20964-20969,1
10.11609/jott.7761.14.6.21149-21154,1
10.11609/jott.7762.14.5.20970-20987,1
10.11609/jott.7765.14.2.20631-20636,1
10.11609/jott.7769.14.4.20930-20934,1
10.11609/jott.7774.14.11.22148-22155,1
10.11609/jott.7776.14.8.21715-21719,1
10.11609/jott.7779.14.4.20935-20938,1
10.11609/jott.7785.14.9.21853-21861,1
10.11609/jott.7790.14.3.20786-20791,1
10.11609/jott.7792.14.7.21421-21431,1
10.11609/jott.7797.14.9.21797-21804,1
10.11609/jott.7801.14.4.20890-20902,1
10.11609/jott.7802.14.3.20798-20800,1
10.11609/jott.7807.14.6.21227-21238,1
10.11609/jott.7808.14.7.21402-21408,1
10.11609/jott.7810.14.2.20666-20671,1
10.11609/jott.7816.14.9.21786-21796,1
10.11609/jott.7819.14.7.21442-21448,1
10.11609/jott.7826.14.11.22080-22085,1
10.11609/jott.7830.14.8.21612-21618,1
10.11609/jott.7835.14.5.20951-20963,1
10.11609/jott.7837.14.5.21102-21116,1
10.11609/jott.7840.14.6.21199-21212,1
10.11609/jott.7841.14.12.22232-22259,1
10.11609/jott.7842.14.8.21588-21604,1
10.11609/jott.7846.14.8.21745-21748,1
10.11609/jott.7849.14.1.20537-20538,1
10.11609/jott.7853.14.8.21739-21741,1
10.11609/jott.7857.14.7.21480-21483,1
10.11609/jott.7860.14.8.21651-21659,1
10.11609/jott.7861.14.11.22086-22097,1
10.11609/jott.7864.14.5.21122-21124,1
10.11609/jott.7870.14.7.21396-21401,1
10.11609/jott.7871.14.6.21285-21289,1
10.11609/jott.7885.14.6.21213-21226,1
10.11609/jott.7886.14.12.22207-22214,1
10.11609/jott.7890.14.4.20939-20942,1
10.11609/jott.7891.14.7.21467-21469,1
10.11609/jott.7896.14.6.21315-21317,1
10.11609/jott.7897.14.12.22341-22345,1
10.11609/jott.7898.14.2.20701-20702,1
10.11609/jott.7899.14.2.20698-20700,1
10.11609/jott.7902.14.6.21296-21301,1
10.11609/jott.7915.14.5.21125-21126,1
10.11609/jott.7930.14.8.21642-21650,1
10.11609/jott.7934.14.11.22118-22132,1
10.11609/jott.7936.14.6.21161-21169,1
10.11609/jott.7953.14.12.22221-22231,1
10.11609/jott.7955.14.8.21736-21738,1
10.11609/jott.7957.14.9.21836-21844,1
10.11609/jott.7959.14.11.22133-22138,1
10.11609/jott.7960.14.12.22215-22220,1
10.11609/jott.7962.14.8.21733-21735,1
10.11609/jott.7964.14.8.21710-21714,1
10.11609/jott.7976.14.8.21742-21744,1
10.11609/jott.7986.14.7.21449-21452,1
10.11609/jott.7989.14.6.21282-21284,1
10.11609/jott.7992.14.7.21473-21475,1
10.11609/jott.7995.14.8.21501-21507,1
10.11609/jott.7999.14.11.22098-22104,1
10.11609/jott.8010.14.12.22293-22308,1
10.11609/jott.8019.14.9.21845-21852,1
10.11609/jott.8021.14.8.21749-21750,1
10.11609/jott.8026.14.7.21462-21466,1
10.11609/jott.8030.14.8.21487-21500,1
10.11609/jott.8040.14.12.22277-22292,1
10.11609/jott.8049.14.11.22190-22194,1
10.11609/jott.8050.14.9.21751-21768,1
10.11609/jott.8052.14.6.21318-21320,1
10.11609/jott.8058.14.7.21470-21472,1
10.11609/jott.8064.14.9.21898-21899,1
10.11609/jott.8074.14.9.21776-21785,1
10.11609/jott.8085.14.11.22139-22147,1
10.11609/jott.8092.14.12.22329-22336,1
10.11609/jott.8100.14.11.22201-22202,1
10.11609/jott.8119.14.11.22058-22079,1
10.11609/jott.8130.14.11.22195-22200,1
10.11609/jott.8148.14.9.21891-21894,1
10.11609/jott.8167.14.12.22337-22340,1
10.11609/jott.8223.14.12.22351-22353,1
10.11609/jott.8278.14.11.22203-22204,1
10.11609/jott.8282.14.11.22205-22206,1
10.11609/jott.8304.14.12.22354,1
10.1163/15685403-bja10174,0
10.1163/15685403-bja10176,0
10.1163/15685403-bja10178,0
10.1163/15685403-bja10181,0
10.1163/15685403-bja10186,0
10.1163/15685403-bja10192,0
10.1163/15685403-bja10234,0
10.1163/15685411-bja10176,0
10.1163/15685411-bja10178,0
10.1163/18759866-bja10024,1
10.1163/18759866-bja10025,1
10.1163/1876312X-bja10036,0
10.11646/megataxa.8.1.1,0
10.11646/palaeoentomology.5.1.2,0
10.11646/palaeoentomology.5.2.4,0
10.11646/palaeoentomology.5.2.5,0
10.11646/palaeoentomology.5.2.7,1
10.11646/palaeoentomology.5.6.10,0
10.11646/palaeoentomology.5.6.11,0
10.11646/palaeoentomology.5.6.8,0
10.11646/phytotaxa.530.1.1,0
10.11646/phytotaxa.530.1.10,0
10.11646/phytotaxa.530.1.11,0
10.11646/phytotaxa.530.1.12,0
10.11646/phytotaxa.530.1.13,0
10.11646/phytotaxa.530.1.14,0
10.11646/phytotaxa.530.1.15,0
10.11646/phytotaxa.530.1.2,0
10.11646/phytotaxa.530.1.3,0
10.11646/phytotaxa.530.1.4,0
10.11646/phytotaxa.530.1.5,0
10.11646/phytotaxa.530.1.6,0
10.11646/phytotaxa.530.1.7,0
10.11646/phytotaxa.530.1.8,0
10.11646/phytotaxa.530.1.9,0
10.11646/phytotaxa.530.2.1,1
10.11646/phytotaxa.530.2.10,0
10.11646/phytotaxa.530.2.11,0
10.11646/phytotaxa.530.2.12,0
10.11646/phytotaxa.530.2.13,0
10.11646/phytotaxa.530.2.2,0
10.11646/phytotaxa.530.2.3,0
10.11646/phytotaxa.530.2.4,0
10.11646/phytotaxa.530.2.5,0
10.11646/phytotaxa.530.2.6,0
10.11646/phytotaxa.530.2.7,0
10.11646/phytotaxa.530.2.8,0
10.11646/phytotaxa.530.2.9,0
10.11646/phytotaxa.530.3.1,0
10.11646/phytotaxa.530.3.2,0
10.11646/phytotaxa.530.3.3,0
10.11646/phytotaxa.530.3.4,0
10.11646/phytotaxa.530.3.5,0
10.11646/phytotaxa.531.1.1,0
10.11646/phytotaxa.531.1.10,0
10.11646/phytotaxa.531.1.2,0
10.11646/phytotaxa.531.1.3,0
10.11646/phytotaxa.531.1.4,0
10.11646/phytotaxa.531.1.5,0
10.11646/phytotaxa.531.1.6,0
10.11646/phytotaxa.531.1.7,0
10.11646/phytotaxa.531.1.8,0
10.11646/phytotaxa.531.1.9,0
10.11646/phytotaxa.531.2.2,0
10.11646/phytotaxa.531.2.5,0
10.11646/phytotaxa.531.2.7,0
10.11646/phytotaxa.531.2.9,0
10.11646/phytotaxa.531.3.1,0
10.11646/phytotaxa.531.3.2,0
10.11646/phytotaxa.531.3.3,0
10.11646/phytotaxa.531.3.4,0
10.11646/phytotaxa.531.3.5,0
10.11646/phytotaxa.531.3.6,0
10.11646/phytotaxa.531.3.7,0
10.11646/phytotaxa.531.3.8,0
10.11646/phytotaxa.532.1.1,0
10.11646/phytotaxa.532.1.10,0
10.11646/phytotaxa.532.1.2,0
10.11646/phytotaxa.532.1.3,0
10.11646/phytotaxa.532.1.4,0
10.11646/phytotaxa.532.1.5,0
10.11646/phytotaxa.532.1.6,0
10.11646/phytotaxa.532.1.7,0
10.11646/phytotaxa.532.1.8,0
10.11646/phytotaxa.532.1.9,0
10.11646/phytotaxa.532.2.1,0
10.11646/phytotaxa.532.2.2,0
10.11646/phytotaxa.532.2.3,0
10.11646/phytotaxa.532.2.4,0
10.11646/phytotaxa.532.2.5,0
10.11646/phytotaxa.532.2.6,0
10.11646/phytotaxa.532.2.7,0
10.11646/phytotaxa.532.2.8,0
10.11646/phytotaxa.532.3.1,1
10.11646/phytotaxa.532.3.3,0
10.11646/phytotaxa.533.1.3,0
10.11646/phytotaxa.533.2.2,0
10.11646/phytotaxa.533.2.4,0
10.11646/phytotaxa.533.3.1,0
10.11646/phytotaxa.533.3.2,0
10.11646/phytotaxa.533.3.3,1
10.11646/phytotaxa.533.4.1,0
10.11646/phytotaxa.533.4.2,0
10.11646/phytotaxa.533.4.3,0
10.11646/phytotaxa.533.4.4,0
10.11646/phytotaxa.533.4.5,0
10.11646/phytotaxa.533.4.6,0
10.11646/phytotaxa.533.4.7,0
10.11646/phytotaxa.536.1.1,1
10.11646/phytotaxa.536.1.2,0
10.11646/phytotaxa.536.1.3,0
10.11646/phytotaxa.536.1.4,0
10.11646/phytotaxa.536.1.5,0
10.11646/phytotaxa.536.1.6,0
10.11646/phytotaxa.536.1.7,0
10.11646/phytotaxa.536.1.8,0
10.11646/phytotaxa.536.2.2,0
10.11646/phytotaxa.536.2.5,0
10.11646/phytotaxa.536.3.1,0
10.11646/phytotaxa.536.3.10,0
10.11646/phytotaxa.536.3.2,0
10.11646/phytotaxa.536.3.3,0
10.11646/phytotaxa.536.3.4,0
10.11646/phytotaxa.536.3.5,0
10.11646/phytotaxa.536.3.6,0
10.11646/phytotaxa.536.3.7,0
10.11646/phytotaxa.536.3.8,0
10.11646/phytotaxa.536.3.9,0
10.11646/phytotaxa.538.2.1,0
10.11646/phytotaxa.538.2.10,0
10.11646/phytotaxa.538.2.2,0
10.11646/phytotaxa.538.2.3,0
10.11646/phytotaxa.538.2.4,0
10.11646/phytotaxa.538.2.5,0
10.11646/phytotaxa.538.2.6,0
10.11646/phytotaxa.538.2.7,0
10.11646/phytotaxa.538.2.8,0
10.11646/phytotaxa.538.2.9,0
10.11646/phytotaxa.538.3.7,0
10.11646/phytotaxa.539.1.1,1
10.11646/phytotaxa.539.1.10,0
10.11646/phytotaxa.539.1.2,0
10.11646/phytotaxa.539.1.3,0
10.11646/phytotaxa.539.1.4,0
10.11646/phytotaxa.539.1.5,0
10.11646/phytotaxa.539.1.6,0
10.11646/phytotaxa.539.1.7,0
10.11646/phytotaxa.539.1.8,0
10.11646/phytotaxa.539.1.9,0
10.11646/phytotaxa.539.2.5,0
10.11646/phytotaxa.541.1.1,1
10.11646/phytotaxa.541.1.10,1
10.11646/phytotaxa.541.1.2,0
10.11646/phytotaxa.541.1.3,0
10.11646/phytotaxa.541.1.4,0
10.11646/phytotaxa.541.1.5,0
10.11646/phytotaxa.541.1.6,0
10.11646/phytotaxa.541.1.7,0
10.11646/phytotaxa.541.1.8,0
10.11646/phytotaxa.541.1.9,0
10.11646/phytotaxa.541.3.1,1
10.11646/phytotaxa.541.3.10,0
10.11646/phytotaxa.541.3.2,0
10.11646/phytotaxa.541.3.3,0
10.11646/phytotaxa.541.3.4,0
10.11646/phytotaxa.541.3.5,0
10.11646/phytotaxa.541.3.6,0
10.11646/phytotaxa.541.3.7,0
10.11646/phytotaxa.541.3.8,0
10.11646/phytotaxa.541.3.9,0
10.11646/phytotaxa.542.2.1,0
10.11646/phytotaxa.542.2.2,0
10.11646/phytotaxa.542.2.3,0
10.11646/phytotaxa.542.2.4,1
10.11646/phytotaxa.542.2.5,0
10.11646/phytotaxa.542.2.6,0
10.11646/phytotaxa.542.2.7,0
10.11646/phytotaxa.542.2.8,0
10.11646/phytotaxa.542.2.9,0
10.11646/phytotaxa.543.1.1,0
10.11646/phytotaxa.543.1.10,0
10.11646/phytotaxa.543.1.11,0
10.11646/phytotaxa.543.1.2,1
10.11646/phytotaxa.543.1.3,0
10.11646/phytotaxa.543.1.4,0
10.11646/phytotaxa.543.1.5,0
10.11646/phytotaxa.543.1.6,0
10.11646/phytotaxa.543.1.7,0
10.11646/phytotaxa.543.1.8,0
10.11646/phytotaxa.543.1.9,1
10.11646/phytotaxa.543.4.3,0
10.11646/phytotaxa.543.4.4,0
10.11646/phytotaxa.544.1.1,1
10.11646/phytotaxa.544.1.10,0
10.11646/phytotaxa.544.1.2,0
10.11646/phytotaxa.544.1.3,0
10.11646/phytotaxa.544.1.4,0
10.11646/phytotaxa.544.1.5,0
10.11646/phytotaxa.544.1.6,0
10.11646/phytotaxa.544.1.7,0
10.11646/phytotaxa.544.1.8,0
10.11646/phytotaxa.544.1.9,0
10.11646/phytotaxa.544.2.2,0
10.11646/phytotaxa.544.2.3,0
10.11646/phytotaxa.544.2.5,0
10.11646/phytotaxa.544.2.7,0
10.11646/phytotaxa.544.3.1,0
10.11646/phytotaxa.544.3.2,0
10.11646/phytotaxa.544.3.3,0
10.11646/phytotaxa.544.3.4,0
10.11646/phytotaxa.545.1.2,0
10.11646/phytotaxa.545.3.3,0
10.11646/phytotaxa.547.1.1,0
10.11646/phytotaxa.547.1.10,0
10.11646/phytotaxa.547.1.11,1
10.11646/phytotaxa.547.1.12,0
10.11646/phytotaxa.547.1.2,0
10.11646/phytotaxa.547.1.3,0
10.11646/phytotaxa.547.1.4,0
10.11646/phytotaxa.547.1.5,0
10.11646/phytotaxa.547.1.6,0
10.11646/phytotaxa.547.1.7,0
10.11646/phytotaxa.547.1.8,0
10.11646/phytotaxa.547.1.9,0
10.11646/phytotaxa.548.1.2,0
10.11646/phytotaxa.548.1.7,0
10.11646/phytotaxa.549.1.1,0
10.11646/phytotaxa.549.1.10,0
10.11646/phytotaxa.549.1.11,0
10.11646/phytotaxa.549.1.12,0
10.11646/phytotaxa.549.1.2,0
10.11646/phytotaxa.549.1.3,0
10.11646/phytotaxa.549.1.4,0
10.11646/phytotaxa.549.1.5,0
10.11646/phytotaxa.549.1.6,0
10.11646/phytotaxa.549.1.7,0
10.11646/phytotaxa.549.1.8,0
10.11646/phytotaxa.549.1.9,0
10.11646/phytotaxa.552.1.2,0
10.11646/phytotaxa.552.1.3,0
10.11646/phytotaxa.552.1.6,0
10.11646/phytotaxa.552.2.1,0
10.11646/phytotaxa.552.2.2,0
10.11646/phytotaxa.552.2.3,0
10.11646/phytotaxa.552.2.4,0
10.11646/phytotaxa.552.5.2,0
10.11646/phytotaxa.554.2.1,0
10.11646/phytotaxa.554.2.2,0
10.11646/phytotaxa.554.2.3,0
10.11646/phytotaxa.554.2.7,0
10.11646/phytotaxa.554.3.3,0
10.11646/phytotaxa.555.1.1,1
10.11646/phytotaxa.555.1.2,0
10.11646/phytotaxa.555.1.3,0
10.11646/phytotaxa.555.1.4,0
10.11646/phytotaxa.555.1.5,0
10.11646/phytotaxa.555.1.6,0
10.11646/phytotaxa.555.1.7,0
10.11646/phytotaxa.555.1.8,0
10.11646/phytotaxa.555.1.9,0
10.11646/phytotaxa.555.4.1,0
10.11646/phytotaxa.555.4.2,0
10.11646/phytotaxa.556.1.5,0
10.11646/phytotaxa.556.1.7,0
10.11646/phytotaxa.556.1.8,0
10.11646/phytotaxa.556.2.3,0
10.11646/phytotaxa.556.2.4,0
10.11646/phytotaxa.556.2.6,0
10.11646/phytotaxa.556.2.8,0
10.11646/phytotaxa.556.3.2,0
10.11646/phytotaxa.556.3.4,0
10.11646/phytotaxa.558.1.2,0
10.11646/phytotaxa.558.1.7,1
10.11646/phytotaxa.558.2.5,0
10.11646/phytotaxa.558.2.6,0
10.11646/phytotaxa.558.3.1,0
10.11646/phytotaxa.558.3.2,0
10.11646/phytotaxa.558.3.3,0
10.11646/phytotaxa.558.3.4,0
10.11646/phytotaxa.558.3.5,0
10.11646/phytotaxa.558.3.6,0
10.11646/phytotaxa.558.3.7,0
10.11646/phytotaxa.559.1.3,0
10.11646/phytotaxa.559.1.4,0
10.11646/phytotaxa.559.2.3,0
10.11646/phytotaxa.559.2.8,0
10.11646/phytotaxa.559.3.1,0
10.11646/phytotaxa.559.3.3,0
10.11646/phytotaxa.559.3.4,0
10.11646/phytotaxa.560.1.10,0
10.11646/phytotaxa.560.1.6,0
10.11646/phytotaxa.560.1.7,0
10.11646/phytotaxa.560.2.3,0
10.11646/phytotaxa.560.2.8,0
10.11646/phytotaxa.560.3.2,0
10.11646/phytotaxa.561.1.4,0
10.11646/phytotaxa.561.1.5,0
10.11646/phytotaxa.561.1.7,0
10.11646/phytotaxa.561.2.1,0
10.11646/phytotaxa.561.2.10,0
10.11646/phytotaxa.561.2.2,0
10.11646/phytotaxa.561.2.3,0
10.11646/phytotaxa.561.2.4,0
10.11646/phytotaxa.561.2.5,0
10.11646/phytotaxa.561.2.6,0
10.11646/phytotaxa.561.2.7,0
10.11646/phytotaxa.561.2.8,0
10.11646/phytotaxa.561.2.9,0
10.11646/phytotaxa.564.2.9,0
10.11646/phytotaxa.564.3.3,0
10.11646/phytotaxa.566.2.2,0
10.11646/phytotaxa.566.2.3,0
10.11646/phytotaxa.566.2.6,0
10.11646/phytotaxa.567.1.3,0
10.11646/phytotaxa.567.1.5,0
10.11646/phytotaxa.567.1.7,0
10.11646/phytotaxa.567.3.2,0
10.11646/phytotaxa.567.3.4,0
10.11646/phytotaxa.567.3.5,0
10.11646/phytotaxa.567.3.6,0
10.11646/phytotaxa.567.3.8,0
10.11646/phytotaxa.568.1.1,1
10.11646/phytotaxa.568.1.2,0
10.11646/phytotaxa.568.1.3,0
10.11646/phytotaxa.568.1.4,0
10.11646/phytotaxa.568.1.5,0
10.11646/phytotaxa.568.1.6,0
10.11646/phytotaxa.568.1.7,0
10.11646/phytotaxa.568.3.5,0
10.11646/phytotaxa.570.1.1,0
10.11646/phytotaxa.570.1.10,1
10.11646/phytotaxa.570.1.2,0
10.11646/phytotaxa.570.1.3,0
10.11646/phytotaxa.570.1.4,0
10.11646/phytotaxa.570.1.5,0
10.11646/phytotaxa.570.1.6,0
10.11646/phytotaxa.570.1.7,0
10.11646/phytotaxa.570.1.8,0
10.11646/phytotaxa.570.1.9,0
10.11646/phytotaxa.571.1.1,0
10.11646/phytotaxa.571.1.3,0
10.11646/phytotaxa.571.1.5,0
10.11646/phytotaxa.571.1.7,0
10.11646/phytotaxa.571.2.3,0
10.11646/phytotaxa.571.2.7,0
10.11646/phytotaxa.571.3.2,0
10.11646/phytotaxa.572.1.4,0
10.11646/phytotaxa.572.1.5,0
10.11646/phytotaxa.572.1.6,0
10.11646/phytotaxa.572.3.2,0
10.11646/phytotaxa.572.3.4,0
10.11646/phytotaxa.572.3.7,0
10.11646/phytotaxa.572.3.9,0
10.11646/phytotaxa.573.1.4,0
10.11646/phytotaxa.573.1.5,0
10.11646/phytotaxa.573.1.6,0
10.11646/phytotaxa.573.1.8,0
10.11646/phytotaxa.573.2.5,0
10.11646/phytotaxa.573.2.6,0
10.11646/phytotaxa.574.4.4,0
10.11646/phytotaxa.575.2.1,0
10.11646/phytotaxa.575.2.2,0
10.11646/phytotaxa.575.2.3,0
10.11646/phytotaxa.575.2.4,0
10.11646/phytotaxa.575.2.5,0
10.11646/phytotaxa.575.2.7,0
10.11646/phytotaxa.575.3.1,0
10.11646/phytotaxa.575.3.3,0
10.11646/phytotaxa.575.3.5,0
10.11646/phytotaxa.575.3.6,0
10.11646/phytotaxa.576.1.1,0
10.11646/phytotaxa.576.1.2,0
10.11646/phytotaxa.576.1.3,0
10.11646/phytotaxa.576.1.4,0
10.11646/phytotaxa.576.1.5,0
10.11646/phytotaxa.576.1.6,0
10.11646/phytotaxa.576.1.7,0
10.11646/phytotaxa.576.1.8,0
10.11646/phytotaxa.576.1.9,0
10.11646/phytotaxa.576.3.1,0
10.11646/phytotaxa.576.3.3,0
10.11646/phytotaxa.576.3.5,0
10.11646/phytotaxa.577.1.7,0
10.11646/phytotaxa.577.1.9,0
10.11646/zootaxa.5087.2.1,1
10.11646/zootaxa.5087.2.10,0
10.11646/zootaxa.5087.2.2,0
10.11646/zootaxa.5087.2.3,0
10.11646/zootaxa.5087.2.4,0
10.11646/zootaxa.5087.2.5,0
10.11646/zootaxa.5087.2.6,0
10.11646/zootaxa.5087.2.7,0
10.11646/zootaxa.5087.2.8,0
10.11646/zootaxa.5087.2.9,0
10.11646/zootaxa.5087.3.1,0
10.11646/zootaxa.5087.3.2,1
10.11646/zootaxa.5087.3.3,0
10.11646/zootaxa.5087.3.4,0
10.11646/zootaxa.5087.3.5,0
10.11646/zootaxa.5087.3.6,0
10.11646/zootaxa.5087.3.7,0
10.11646/zootaxa.5087.3.8,0
10.11646/zootaxa.5087.4.1,0
10.11646/zootaxa.5087.4.2,0
10.11646/zootaxa.5087.4.3,0
10.11646/zootaxa.5087.4.4,0
10.11646/zootaxa.5087.4.5,0
10.11646/zootaxa.5087.4.6,0
10.11646/zootaxa.5087.4.7,0
10.11646/zootaxa.5087.4.8,1
10.11646/zootaxa.5087.4.9,1
10.11646/zootaxa.5091.1.1,0
10.11646/zootaxa.5091.1.10,0
10.11646/zootaxa.5091.1.2,0
10.11646/zootaxa.5091.1.3,0
10.11646/zootaxa.5091.1.4,0
10.11646/zootaxa.5091.1.5,1
10.11646/zootaxa.5091.1.6,0
10.11646/zootaxa.5091.1.7,0
10.11646/zootaxa.5091.1.8,0
10.11646/zootaxa.5091.1.9,0
10.11646/zootaxa.5091.3.1,0
10.11646/zootaxa.5091.3.2,0
10.11646/zootaxa.5091.3.3,0
10.11646/zootaxa.5091.3.4,0
10.11646/zootaxa.5091.3.5,0
10.11646/zootaxa.5091.3.6,0
10.11646/zootaxa.5091.3.7,0
10.11646/zootaxa.5091.3.8,0
10.11646/zootaxa.5091.3.9,0
10.11646/zootaxa.5092.4.1,0
10.11646/zootaxa.5092.4.7,0
10.11646/zootaxa.5092.5.1,0
10.11646/zootaxa.5092.5.2,0
10.11646/zootaxa.5092.5.3,0
10.11646/zootaxa.5092.5.4,0
10.11646/zootaxa.5092.5.5,0
10.11646/zootaxa.5092.5.6,0
10.11646/zootaxa.5092.5.7,0
10.11646/zootaxa.5092.5.8,0
10.11646/zootaxa.5093.2.2,0
10.11646/zootaxa.5093.2.4,0
10.11646/zootaxa.5093.2.6,0
10.11646/zootaxa.5093.3.1,0
10.11646/zootaxa.5093.3.2,0
10.11646/zootaxa.5093.3.3,0
10.11646/zootaxa.5093.3.4,0
10.11646/zootaxa.5093.3.5,0
10.11646/zootaxa.5093.3.6,0
10.11646/zootaxa.5093.3.7,0
10.11646/zootaxa.5093.3.8,1
10.11646/zootaxa.5093.4.1,0
10.11646/zootaxa.5093.4.2,0
10.11646/zootaxa.5093.4.3,0
10.11646/zootaxa.5093.4.4,0
10.11646/zootaxa.5093.4.5,0
10.11646/zootaxa.5093.4.6,0
10.11646/zootaxa.5093.4.7,0
10.11646/zootaxa.5094.3.5,1
10.11646/zootaxa.5099.2.1,0
10.11646/zootaxa.5099.2.2,0
10.11646/zootaxa.5099.2.3,0
10.11646/zootaxa.5099.2.4,0
10.11646/zootaxa.5099.2.5,0
10.11646/zootaxa.5099.2.6,0
10.11646/zootaxa.5099.2.7,0
10.11646/zootaxa.5099.2.8,0
10.11646/zootaxa.5099.2.9,0
10.11646/zootaxa.5099.3.3,0
10.11646/zootaxa.5099.5.1,0
10.11646/zootaxa.5099.5.2,0
10.11646/zootaxa.5099.5.3,0
10.11646/zootaxa.5099.5.4,0
10.11646/zootaxa.5099.5.5,1
10.11646/zootaxa.5099.5.6,0
10.11646/zootaxa.5100.2.5,0
10.11646/zootaxa.5100.3.1,0
10.11646/zootaxa.5100.3.5,0
10.11646/zootaxa.5100.3.6,0
10.11646/zootaxa.5100.4.1,0
10.11646/zootaxa.5100.4.2,0
10.11646/zootaxa.5100.4.3,0
10.11646/zootaxa.5100.4.4,0
10.11646/zootaxa.5100.4.5,1
10.11646/zootaxa.5100.4.6,0
10.11646/zootaxa.5100.4.7,0
10.11646/zootaxa.5100.4.8,0
10.11646/zootaxa.5100.4.9,1
10.11646/zootaxa.5101.1.1,0
10.11646/zootaxa.5104.2.2,0
10.11646/zootaxa.5104.2.4,0
10.11646/zootaxa.5104.3.1,0
10.11646/zootaxa.5104.3.2,0
10.11646/zootaxa.5104.3.3,0
10.11646/zootaxa.5104.3.4,0
10.11646/zootaxa.5104.3.5,0
10.11646/zootaxa.5104.3.6,0
10.11646/zootaxa.5104.3.7,0
10.11646/zootaxa.5104.3.8,0
10.11646/zootaxa.5104.3.9,0
10.11646/zootaxa.5104.4.1,0
10.11646/zootaxa.5104.4.10,0
10.11646/zootaxa.5104.4.2,0
10.11646/zootaxa.5104.4.3,0
10.11646/zootaxa.5104.4.4,0
10.11646/zootaxa.5104.4.5,0
10.11646/zootaxa.5104.4.6,0
10.11646/zootaxa.5104.4.7,0
10.11646/zootaxa.5104.4.8,0
10.11646/zootaxa.5104.4.9,0
10.11646/zootaxa.5105.1.3,0
10.11646/zootaxa.5105.1.5,0
10.11646/zootaxa.5105.2.6,0
10.11646/zootaxa.5105.2.8,0
10.11646/zootaxa.5105.3.6,0
10.11646/zootaxa.5105.4.1,0
10.11646/zootaxa.5105.4.2,0
10.11646/zootaxa.5105.4.3,0
10.11646/zootaxa.5105.4.4,0
10.11646/zootaxa.5105.4.5,0
10.11646/zootaxa.5105.4.6,0
10.11646/zootaxa.5105.4.7,0
10.11646/zootaxa.5105.4.8,0
10.11646/zootaxa.5105.4.9,0
10.11646/zootaxa.5113.1.1,1
10.11646/zootaxa.5115.1.2,0
10.11646/zootaxa.5115.1.4,0
10.11646/zootaxa.5115.1.9,0
10.11646/zootaxa.5115.2.1,0
10.11646/zootaxa.5115.2.2,0
10.11646/zootaxa.5115.2.3,0
10.11646/zootaxa.5115.2.4,1
10.11646/zootaxa.5115.2.5,0
10.11646/zootaxa.5115.2.6,0
10.11646/zootaxa.5115.2.7,0
10.11646/zootaxa.5115.2.8,0
10.11646/zootaxa.5115.2.9,0
10.11646/zootaxa.5115.3.3,0
10.11646/zootaxa.5115.4.10,1
10.11646/zootaxa.5115.4.8,0
10.11646/zootaxa.5116.1.1,0
10.11646/zootaxa.5116.1.4,0
10.11646/zootaxa.5116.2.5,0
10.11646/zootaxa.5116.2.6,0
10.11646/zootaxa.5116.3.4,0
10.11646/zootaxa.5116.3.6,0
10.11646/zootaxa.5116.4.7,0
10.11646/zootaxa.5120.1.1,0
10.11646/zootaxa.5120.1.2,0
10.11646/zootaxa.5120.1.3,1
10.11646/zootaxa.5120.1.4,1
10.11646/zootaxa.5120.1.5,1
10.11646/zootaxa.5120.1.6,0
10.11646/zootaxa.5120.1.7,0
10.11646/zootaxa.5120.1.8,0
10.11646/zootaxa.5120.1.9,0
10.11646/zootaxa.5120.3.3,0
10.11646/zootaxa.5120.3.6,0
10.11646/zootaxa.5120.4.6,0
10.11646/zootaxa.5123.1.1,0
10.11646/zootaxa.5124.1.3,0
10.11646/zootaxa.5124.2.10,0
10.11646/zootaxa.5124.2.3,0
10.11646/zootaxa.5124.3.1,0
10.11646/zootaxa.5124.3.2,0
10.11646/zootaxa.5124.3.4,0
10.11646/zootaxa.5124.3.7,1
10.11646/zootaxa.5124.4.1,0
10.11646/zootaxa.5124.4.2,0
10.11646/zootaxa.5124.4.3,0
10.11646/zootaxa.5124.4.4,0
10.11646/zootaxa.5124.4.5,0
10.11646/zootaxa.5124.4.6,1
10.11646/zootaxa.5124.4.7,0
10.11646/zootaxa.5124.4.8,0
10.11646/zootaxa.5124.5.5,0
10.11646/zootaxa.5125.2.1,0
10.11646/zootaxa.5125.3.1,0
10.11646/zootaxa.5125.3.2,1
10.11646/zootaxa.5125.3.3,0
10.11646/zootaxa.5125.3.4,0
10.11646/zootaxa.5125.3.5,0
10.11646/zootaxa.5125.3.6,0
10.11646/zootaxa.5128.1.3,0
10.11646/zootaxa.5128.2.6,0
10.11646/zootaxa.5128.3.4,0
10.11646/zootaxa.5128.3.9,0
10.11646/zootaxa.5128.4.8,0
10.11646/zootaxa.5129.1.10,0
10.11646/zootaxa.5129.1.5,0
10.11646/zootaxa.5129.2.1,0
10.11646/zootaxa.5129.2.2,0
10.11646/zootaxa.5129.2.3,0
10.11646/zootaxa.5129.2.4,0
10.11646/zootaxa.5129.2.5,0
10.11646/zootaxa.5129.2.6,1
10.11646/zootaxa.5129.2.7,0
10.11646/zootaxa.5129.2.8,0
10.11646/zootaxa.5129.2.9,1
10.11646/zootaxa.5129.3.3,0
10.11646/zootaxa.5129.3.5,0
10.11646/zootaxa.5131.1.1,0
10.11646/zootaxa.5133.1.1,0
10.11646/zootaxa.5133.1.4,0
10.11646/zootaxa.5133.1.6,0
10.11646/zootaxa.5133.2.1,0
10.11646/zootaxa.5133.2.2,0
10.11646/zootaxa.5133.2.3,0
10.11646/zootaxa.5133.2.4,0
10.11646/zootaxa.5133.2.5,0
10.11646/zootaxa.5133.2.6,0
10.11646/zootaxa.5133.2.7,0
10.11646/zootaxa.5133.2.8,0
10.11646/zootaxa.5133.2.9,0
10.11646/zootaxa.5133.4.1,0
10.11646/zootaxa.5133.4.2,0
10.11646/zootaxa.5133.4.7,0
10.11646/zootaxa.5134.1.4,0
10.11646/zootaxa.5134.2.3,0
10.11646/zootaxa.5138.1.2,0
10.11646/zootaxa.5138.2.1,0
10.11646/zootaxa.5138.2.2,0
10.11646/zootaxa.5138.2.3,0
10.11646/zootaxa.5138.2.4,0
10.11646/zootaxa.5138.2.5,0
10.11646/zootaxa.5138.2.6,0
10.11646/zootaxa.5138.2.7,0
10.11646/zootaxa.5138.2.8,0
10.11646/zootaxa.5138.3.4,0
10.11646/zootaxa.5138.3.7,0
10.11646/zootaxa.5141.6.1,0
10.11646/zootaxa.5148.1.1,1
10.11646/zootaxa.5150.1.5,0
10.11646/zootaxa.5150.1.6,0
10.11646/zootaxa.5150.2.1,0
10.11646/zootaxa.5150.2.2,0
10.11646/zootaxa.5150.2.3,0
10.11646/zootaxa.5150.2.4,0
10.11646/zootaxa.5150.2.5,0
10.11646/zootaxa.5150.2.6,0
10.11646/zootaxa.5150.2.7,0
10.11646/zootaxa.5150.2.8,0
10.11646/zootaxa.5154.1.3,0
10.11646/zootaxa.5154.1.7,0
10.11646/zootaxa.5154.4.2,0
10.11646/zootaxa.5154.4.6,0
10.11646/zootaxa.5155.2.4,0
10.11646/zootaxa.5155.2.6,0
10.11646/zootaxa.5155.3.5,1
10.11646/zootaxa.5155.4.1,0
10.11646/zootaxa.5155.4.2,0
10.11646/zootaxa.5155.4.3,0
10.11646/zootaxa.5155.4.4,1
10.11646/zootaxa.5155.4.5,1
10.11646/zootaxa.5155.4.6,0
10.11646/zootaxa.5155.4.7,0
10.11646/zootaxa.5155.4.8,0
10.11646/zootaxa.5155.4.9,1
10.11646/zootaxa.5162.1.6,0
10.11646/zootaxa.5162.2.3,0
10.11646/zootaxa.5162.4.3,0
10.11646/zootaxa.5162.4.4,0
10.11646/zootaxa.5162.4.8,0
10.11646/zootaxa.5162.5.3,0
10.11646/zootaxa.5163.1.1,0
10.11646/zootaxa.5165.1.1,0
10.11646/zootaxa.5165.3.4,0
10.11646/zootaxa.5165.3.6,0
10.11646/zootaxa.5165.3.8,0
10.11646/zootaxa.5167.1.1,1
10.11646/zootaxa.5168.4.3,0
10.11646/zootaxa.5169.2.3,0
10.11646/zootaxa.5169.3.1,0
10.11646/zootaxa.5169.3.2,0
10.11646/zootaxa.5169.3.3,1
10.11646/zootaxa.5169.3.4,1
10.11646/zootaxa.5169.3.5,0
10.11646/zootaxa.5169.3.6,0
10.11646/zootaxa.5169.4.2,0
10.11646/zootaxa.5169.5.1,0
10.11646/zootaxa.5169.5.7,0
10.11646/zootaxa.5170.1.1,0
10.11646/zootaxa.5172.1.1,0
10.11646/zootaxa.5174.1.1,0
10.11646/zootaxa.5174.2.5,0
10.11646/zootaxa.5174.3.3,0
10.11646/zootaxa.5174.3.4,0
10.11646/zootaxa.5174.3.6,0
10.11646/zootaxa.5174.4.1,0
10.11646/zootaxa.5175.1.3,0
10.11646/zootaxa.5175.1.5,0
10.11646/zootaxa.5175.4.1,0
10.11646/zootaxa.5175.4.2,0
10.11646/zootaxa.5175.4.3,0
10.11646/zootaxa.5175.4.4,0
10.11646/zootaxa.5175.4.5,0
10.11646/zootaxa.5175.4.6,0
10.11646/zootaxa.5175.4.7,0
10.11646/zootaxa.5175.4.8,0
10.11646/zootaxa.5178.4.1,0
10.11646/zootaxa.5178.5.1,0
10.11646/zootaxa.5178.5.2,0
10.11646/zootaxa.5178.5.5,0
10.11646/zootaxa.5178.6.4,0
10.11646/zootaxa.5182.2.1,0
10.11646/zootaxa.5182.3.3,0
10.11646/zootaxa.5182.4.3,0
10.11646/zootaxa.5182.4.5,0
10.11646/zootaxa.5182.6.1,0
10.11646/zootaxa.5182.6.2,0
10.11646/zootaxa.5182.6.3,0
10.11646/zootaxa.5182.6.4,0
10.11646/zootaxa.5182.6.5,0
10.11646/zootaxa.5182.6.6,0
10.11646/zootaxa.5182.6.7,0
10.11646/zootaxa.5182.6.8,1
10.11646/zootaxa.5188.2.1,0
10.11646/zootaxa.5188.2.3,0
10.11646/zootaxa.5188.2.5,0
10.11646/zootaxa.5188.2.7,0
10.11646/zootaxa.5188.3.3,0
10.11646/zootaxa.5188.5.4,0
10.11646/zootaxa.5190.1.3,0
10.11646/zootaxa.5190.1.5,0
10.11646/zootaxa.5190.2.2,0
10.11646/zootaxa.5190.2.3,0
10.11646/zootaxa.5190.2.4,0
10.11646/zootaxa.5190.2.6,0
10.11646/zootaxa.5190.4.3,0
10.11646/zootaxa.5191.1.1,0
10.11646/zootaxa.5194.4.4,0
10.11646/zootaxa.5195.1.2,0
10.11646/zootaxa.5195.1.8,0
10.11646/zootaxa.5195.3.1,0
10.11646/zootaxa.5195.3.2,0
10.11646/zootaxa.5195.3.3,0
10.11646/zootaxa.5195.3.4,0
10.11646/zootaxa.5195.3.5,0
10.11646/zootaxa.5195.3.6,0
10.11646/zootaxa.5195.3.7,0
10.11646/zootaxa.5195.3.8,0
10.11646/zootaxa.5195.3.9,0
10.11646/zootaxa.5195.5.3,0
10.11646/zootaxa.5195.5.5,0
10.11646/zootaxa.5195.6.3,0
10.11646/zootaxa.5195.6.8,0
10.11646/zootaxa.5196.1.4,0
10.11646/zootaxa.5196.1.8,0
10.11646/zootaxa.5196.2.2,0
10.11646/zootaxa.5196.2.8,0
10.11646/zootaxa.5196.3.5,0
10.11646/zootaxa.5199.1.1,0
10.11646/zootaxa.5200.4.3,0
10.11646/zootaxa.5200.4.5,0
10.11646/zootaxa.5200.5.2,0
10.11646/zootaxa.5200.5.5,0
10.11646/zootaxa.5200.6.7,0
10.11646/zootaxa.5201.1.1,0
10.11646/zootaxa.5204.1.1,0
10.11646/zootaxa.5205.1.3,0
10.11646/zootaxa.5205.1.5,0
10.11646/zootaxa.5205.2.2,0
10.11646/zootaxa.5205.2.3,0
10.11646/zootaxa.5205.2.4,0
10.11646/zootaxa.5205.2.6,0
10.11646/zootaxa.5205.3.5,0
10.11646/zootaxa.5205.4.2,0
10.11646/zootaxa.5205.4.4,0
10.11646/zootaxa.5205.5.1,0
10.11646/zootaxa.5205.5.3,0
10.11646/zootaxa.5205.5.7,0
10.11646/zootaxa.5205.6.1,1
10.11646/zootaxa.5208.1.1,0
10.11646/zootaxa.5209.1.1,0
10.11646/zootaxa.5209.1.2,0
10.11646/zootaxa.5209.1.8,0
10.11646/zootaxa.5209.2.1,0
10.11646/zootaxa.5209.3.2,0
10.11646/zootaxa.5209.3.7,1
10.11646/zootaxa.5209.4.7,0
10.11646/zootaxa.5209.4.8,1
10.11646/zootaxa.5209.5.2,0
10.11646/zootaxa.5209.5.3,0
10.11646/zootaxa.5209.5.7,1
10.11646/zootaxa.5213.1.7,0
10.11646/zootaxa.5213.2.7,0
10.11646/zootaxa.5213.4.4,0
10.11646/zootaxa.5213.4.7,0
10.11646/zootaxa.5213.5.5,0
10.11646/zootaxa.5213.5.7,0
10.11646/zootaxa.5213.5.8,0
10.11646/zootaxa.5214.3.4,0
10.11646/zootaxa.5219.1.2,0
10.11646/zootaxa.5219.1.6,0
10.11646/zootaxa.5219.2.6,0
10.11646/zootaxa.5219.2.7,0
10.11646/zootaxa.5219.4.5,0
10.11646/zootaxa.5219.5.6,0
10.11646/zootaxa.5219.5.7,0
10.11646/zootaxa.5221.1.1,1
10.11646/zootaxa.5222.1.1,0
10.11646/zootaxa.5222.1.2,0
10.11646/zootaxa.5222.1.3,0
10.11646/zootaxa.5222.1.4,0
10.11646/zootaxa.5222.1.5,0
10.11646/zootaxa.5222.1.6,0
10.11646/zootaxa.5222.1.7,0
10.11646/zootaxa.5222.1.8,0
10.1177/00076503211053014,1
10.1177/09596836221074035,0
10.1177/11769343211071114,1
10.1186/s12862-022-01985-z,1
10.1186/s12862-022-01994-y,1
10.1186/s12864-021-08257-y,1
10.1186/s12864-022-08468-x,1
10.1186/s12864-022-09011-8,1
10.1186/s12866-022-02543-9,1
10.1186/s12866-022-02711-x,1
10.1186/s12915-022-01271-w,1
10.1186/s12934-022-01852-y,1
10.1186/s13002-022-00503-1,1
10.1186/s13071-021-05136-z,1
10.1186/s13071-022-05162-5,1
10.1186/s13071-022-05544-9,1
10.1186/s13358-022-00254-2,1
10.1186/s13568-022-01441-7,1
10.1186/s40529-022-00350-z,1
10.1186/s40850-022-00127-8,0
10.1186/s40850-022-00136-7,0
10.1186/s43008-022-00088-0,1
10.1201/9781003110477-17,0
10.1201/9781003286400-9,0
10.1201/9781003333807,0
10.1206/3985.1,1
10.1206/3990.1,1
10.1206/3991.1,1
10.12681/mms.27880,1
10.12976/jib/2022.32.2.3,0
10.12976/jib/2022.36.2.2,0
10.13133/2284-4880/716,0
10.13156/arac.2022.19.3.678,0
10.13346/j.mycosystema.210233,0
10.13346/j.mycosystema.210383,0
10.1371/journal.pntd.0010921,1
10.1371/journal.pntd.0010924,1
10.1371/journal.pone.0261397,1
10.1371/journal.pone.0261682,1
10.1371/journal.pone.0263084,1
10.1371/journal.pone.0264081,1
10.1371/journal.pone.0264143,1
10.1371/journal.pone.0264264,1
10.1371/journal.pone.0264419,1
10.1371/journal.pone.0265336,1
10.1371/journal.pone.0271174,1
10.1371/journal.pone.0273067,1
10.1371/journal.pone.0274699,1
10.1371/journal.pone.0276846,1
10.1371/journal.pone.0276847,1
10.1371/journal.pone.0278023,1
10.14203/beritabiologi.v21i3.4367,0
10.14258/turczaninowia.25.1.1,1
10.14258/turczaninowia.25.1.10,1
10.14258/turczaninowia.25.1.11,1
10.14258/turczaninowia.25.1.12,1
10.14258/turczaninowia.25.1.13,1
10.14258/turczaninowia.25.1.14,1
10.14258/turczaninowia.25.1.15,1
10.14258/turczaninowia.25.1.16,1
10.14258/turczaninowia.25.1.17,1
10.14258/turczaninowia.25.1.18,1
10.14258/turczaninowia.25.1.19,1
10.14258/turczaninowia.25.1.2,1
10.14258/turczaninowia.25.1.20,1
10.14258/turczaninowia.25.1.3,1
10.14258/turczaninowia.25.1.4,1
10.14258/turczaninowia.25.1.5,1
10.14258/turczaninowia.25.1.6,1
10.14258/turczaninowia.25.1.7,1
10.14258/turczaninowia.25.1.8,1
10.14258/turczaninowia.25.1.9,1
10.14258/turczaninowia.25.2.1,1
10.14258/turczaninowia.25.2.10,1
10.14258/turczaninowia.25.2.11,1
10.14258/turczaninowia.25.2.12,1
10.14258/turczaninowia.25.2.13,1
10.14258/turczaninowia.25.2.14,1
10.14258/turczaninowia.25.2.15,1
10.14258/turczaninowia.25.2.16,1
10.14258/turczaninowia.25.2.2,1
10.14258/turczaninowia.25.2.3,1
10.14258/turczaninowia.25.2.4,1
10.14258/turczaninowia.25.2.5,1
10.14258/turczaninowia.25.2.6,1
10.14258/turczaninowia.25.2.7,1
10.14258/turczaninowia.25.2.8,1
10.14258/turczaninowia.25.2.9,1
10.14411/fp.2022.001,1
10.14411/fp.2022.006,1
10.1515/bot-2022-0007,0
10.15468/9u5paw,0
10.15468/mw9c66.,0
10.15517/lank.v20i2.42396,1
10.15517/lank.v20i2.42849,1
10.15517/lank.v20i2.43271,1
10.15517/lank.v20i2.43555,1
10.15517/lank.v22i1.50589,1
10.15517/lank.v22i1.50848,1
10.1556/034.64.2022.3-4.5,1
10.1590/0001-3765202120191161,1
10.1590/0001-3765202120200099,1
10.1590/0001-3765202220201846,1
10.1590/0001-3765202220201870,1
10.1590/0001-3765202220210283,1
10.1590/0102-33062021abb0163,1
10.1590/0102-33062021abb0382,1
10.1590/0102-33062021abb0390,1
10.1590/0102-33062022abb0006,1
10.1590/1519-6984.249008,1
10.1590/1677-941X-ABB-2022-0147,1
10.1590/1806-9665-RBENT-2021-0089,0
10.1590/1806-9665-RBENT-2022-0005,1
10.1590/1982-0224-2021-0117,1
10.1590/1982-0224-2021-0125,1
10.1590/1982-0224-2021-0126,1
10.1590/1982-0224-2021-0129,1
10.1590/1982-0224-2021-0160,1
10.1590/1982-0224-2021-0164,0
10.1590/1982-0224-2022-0017,1
10.1590/1982-0224-2022-0051,1
10.1590/1982-0224-2022-0067,1
10.1590/2175-7860202273034,1
10.1590/2175-7860202273048,1
10.1590/2358-2936e2022018,1
10.1590/2358-2936e2022028,1
10.1590/S1984-4689.v39.e21022,1
10.1590/s1984-4689.v39.e21026,1
10.1590/s1984-4689.v39.e21030,1
10.1590/s1984-4689.v39.e21037,0
10.1590/S1984-4689.v39.e21037,0
10.1590/s1984-4689.v39.e22001,0
10.1590/S1984-4689.v39.e22020,1
10.1600/036364422X16442668423266,0
10.1600/036364422X16442668423275,0
10.1600/036364422X16442668423338,0
10.1600/036364422X16442668423347,1
10.1600/036364422X16442668423365,0
10.1600/036364422X16442668423392,1
10.1600/036364422X16442668423400,0
10.1600/036364422X16442668423428,1
10.1600/036364422X16442668423437,0
10.1600/036364422X16442668423455,0
10.1600/036364422X16442668423464,0
10.1600/036364422X16442668423473,0
10.1600/036364422X16442668423482,0
10.1600/036364422X16442668423491,0
10.1600/036364422X16442668423518,1
10.1600/036364422X16442668423527,1
10.1600/036364422X16442668423536,0
10.1600/036364422X16442668423545,0
10.1600/036364422X16442668423563,0
10.1600/036364422X16442668423572,1
10.1600/036364422X16442668893265,0
10.1600/036364422X16442669847067,0
10.1600/036364422X16442669847085,0
10.1600/036364422X16442669847094,0
10.1600/036364422X16512564801524,0
10.1600/036364422X16512564801533,0
10.1600/036364422X16512564801542,0
10.1600/036364422X16512564801551,0
10.1600/036364422X16512564801560,1
10.1600/036364422X16512564801579,0
10.1600/036364422X16512564801588,0
10.1600/036364422X16512564801597,0
10.1600/036364422X16512564801605,1
10.1600/036364422X16512564801614,1
10.1600/036364422X16512564801632,0
10.1600/036364422X16512564801641,0
10.1600/036364422X16512564801650,0
10.1600/036364422X16512564801669,0
10.1600/036364422X16512564801678,1
10.1600/036364422X16512564801687,0
10.1600/036364422X16512564801696,1
10.1600/036364422X16512564801704,0
10.1600/036364422X16512564801713,0
10.1600/036364422X16512564801722,0
10.1600/036364422X16512572274981,0
10.1600/036364422X16512572274990,0
10.1600/036364422X16512572275007,0
10.1600/036364422X16512572275016,1
10.1600/036364422X16512572275034,0
10.1600/036364422X16516711856571,1
10.1600/036364422X16573019348166,0
10.1600/036364422X16573019348193,0
10.1600/036364422X16573019348201,0
10.1600/036364422X16573019348210,0
10.1600/036364422X16573019348229,0
10.1600/036364422X16573019348247,0
10.1600/036364422X16573019348256,0
10.1600/036364422X16573019348265,0
10.1600/036364422X16573019348274,0
10.1600/036364422X16573019348283,0
10.1600/036364422X16573019348292,0
10.1600/036364422X16573019348319,1
10.1600/036364422X16573019348328,0
10.1600/036364422X16573019348337,0
10.1600/036364422X16573019348346,0
10.1600/036364422X16573019348364,0
10.1600/036364422X16573019348373,0
10.1600/036364422X16573019348382,0
10.1600/036364422X16573019348391,0
10.1600/036364422X16573022073581,0
10.1600/036364422X16573022073590,0
10.1600/036364422X16674053033796,0
10.1600/036364422X16674053033804,1
10.1600/036364422X16674053033813,0
10.1600/036364422X16674053033822,0
10.1600/036364422X16674053033831,0
10.1600/036364422X16674053033840,0
10.1600/036364422X16674053033859,0
10.1600/036364422X16674053033868,0
10.1600/036364422X16674053033877,0
10.1600/036364422X16674053033886,0
10.1600/036364422X16674053033895,0
10.1600/036364422X16674053033912,0
10.1600/036364422X16674053033921,0
10.1600/036364422X16674053033930,0
10.1600/036364422X16674053033949,0
10.1600/036364422X16674054154151,0
10.1600/036364422X16674054154160,0
10.1600/036364422X16674054154179,0
10.1600/036364422X16674054154188,0
10.1600/i0363-6445-47-3-887-,1
10.1636/JoA-S-20-068,0
10.1636/JoA-S-21-025,0
10.1636/JoA-S-21-028,0
10.1636/JoA-S-21-033,0
10.1636/JoA-S-21-052,0
10.1639/0007-2745-125.2.343,0
10.1639/0007-2745-125.3.406,0
10.1639/0007-2745-125.3.433,0
10.1639/0007-2745-125.3.477,0
10.1643/i2022013,0
10.1645/22-36,0
10.1649/0010-065X-76.2.263,0
10.1655/Herpetologica-D-21-00015,0
10.1655/Herpetologica-D-21-00026,0
10.1655/Herpetologica-D-22-00011,0
10.1655/HERPMONOGRAPHS-D-20-00011,0
10.1670/20-060,0
10.1670/20-070,0
10.1670/20-080,0
10.1670/20-118,0
10.1670/20-129,0
10.1670/20-151,0
10.1670/21-020,0
10.1670/21-023,0
10.17109/azh.68.1.1.2022,1
10.17109/azh.68.1.23.2022,1
10.17109/AZH.68.1.23.2022,1
10.17109/azh.68.1.45.2022,1
10.17109/azh.68.1.53.2022,1
10.17109/azh.68.1.73.2022,1
10.17109/azh.68.1.85.2022,1
10.17109/azh.68.1.99.2022,1
10.17109/azh.68.2.119.2022,1
10.17109/azh.68.2.159.2022,1
10.17109/azh.68.2.169.2022,1
10.17109/azh.68.2.179.2022,1
10.17109/azh.68.2.183.2022,1
10.17109/azh.68.2.189.2022,1
10.17109/azh.68.3.217.2022,1
10.17109/azh.68.3.231.2022,1
10.17109/azh.68.3.239.2022,1
10.17109/azh.68.3.247.2022,1
10.17109/azh.68.3.261.2022,1
10.17109/azh.68.3.277.2022,1
10.17109/azh.68.4.293.2022,1
10.17109/azh.68.4.305.2022,1
10.17109/azh.68.4.313.2022,1
10.17109/azh.68.4.321.2022,1
10.17109/azh.68.4.341.2022,1
10.17109/azh.68.4.361.2022,1
10.17109/azh.68.4.375.2022,1
10.17109/azh.68.4.393.2022,1
10.17129/botsci.3221,1
10.17161/jom.i112.18128,1
10.17161/jom.i114.18568,1
10.17161/np.24.18498,1
10.17348/jbrit.v16.i1.1216,1
10.18257/raccefyn.1558,1
10.18353/crustacea.51.0_55,1
10.18476/2022.740611,1
10.18476/pale.v15.a5,1
10.18476/pale.v15.a6,1
10.19615/j.cnki.2096-9899.220412,0
10.20531/tfb.2022.50.1.01,1
10.20531/tfb.2022.50.1.02,1
10.20531/tfb.2022.50.1.03,1
10.20531/tfb.2022.50.1.04,1
10.20531/tfb.2022.50.1.05,1
10.20531/tfb.2022.50.1.06,1
10.20531/tfb.2022.50.1.07,1
10.20531/tfb.2022.50.1.08,1
10.20531/tfb.2022.50.2.09,1
10.20531/tfb.2022.50.2.10,1
10.20531/tfb.2022.50.2.11,1
10.20531/tfb.2022.50.2.12,1
10.20531/tfb.2022.50.2.13,1
10.20531/tfb.2022.50.2.14,1
10.20531/tfb.2022.50.2.15,1
10.20531/tfb.2022.50.2.16,1
10.20531/tfb.2022.50.2.17,1
10.20531/tfb.2022.50.2.18,1
10.2108/zs210057,0
10.2108/zs210059,0
10.2108/zs210075,0
10.2108/zs210090,0
10.2108/zs210106,0
10.2108/zs210117,0
10.2108/zs220031,0
10.21411/cbm.a.17d4fd,0
10.21411/cbm.a.181085af,0
10.21411/cbm.a.1f973a65,0
10.21411/cbm.a.30a4cb7d,0
10.21411/cbm.a.34f927ac,0
10.21411/cbm.a.376025b1,0
10.21411/cbm.a.37b316bb,0
10.21411/cbm.a.3c090ae7,0
10.21411/cbm.a.4670bba3,0
10.21411/cbm.a.60644194,0
10.21411/cbm.a.71e799d4,0
10.21411/cbm.a.7f261534,0
10.21411/cbm.a.8a7b656c,0
10.21411/cbm.a.8ef00b6f,0
10.21411/cbm.a.92e8654f,0
10.21411/cbm.a.9381e8f5,0
10.21411/cbm.a.946e2cee,0
10.21411/cbm.a.9f420bd8,0
10.21411/cbm.a.a02d8a3a,0
10.21411/cbm.a.ab6d575d,0
10.21411/cbm.a.ab783916,0
10.21411/cbm.a.b97411fc,0
10.21411/cbm.a.bcaf61ec,0
10.21411/cbm.a.bea5e160,0
10.21411/cbm.a.beb6b7e7,0
10.21411/cbm.a.c2fcc0b0,0
10.21411/cbm.a.cd69ec55,0
10.21411/cbm.a.d1f8dca4,0
10.21411/cbm.a.debdacf1,0
10.21411/cbm.a.e62ebb18,0
10.21411/cbm.a.f4223941,0
10.21411/cbm.i.3aece4c2,0
10.21411/cbm.i.915ec9e6,0
10.21411/cbm.i.c91ad19b,0
10.2181/036.050.0101,0
10.21829/azm.2022.3812487,1
10.22073/pja.v11i1.72890,0
10.22092/botany.2021.354488.1243,0
10.22092/botany.2021.354571.1246,0
10.22092/botany.2021.355306.1258,0
10.22092/botany.2021.355379.1261,0
10.22092/botany.2021.355659.1267,0
10.22092/botany.2021.355753.1270,0
10.22092/botany.2021.355951.1273,0
10.22092/botany.2021.356376.1275,0
10.22092/botany.2022.356460.1277,0
10.22092/botany.2022.356551.1279,0
10.22092/botany.2022.356653.1280,0
10.22092/botany.2022.356773.1283,0
10.22092/botany.2022.357050.1286,0
10.22092/botany.2022.357453.1291,0
10.22099/MBRC.2022.42767.1709,0
10.22438/jeb/43/1/mrn-1975,1
10.23788/ief-1174,0
10.23788/ief-1176,0
10.23885/181433262022181-1518,1
10.23885/181433262022181-1929,1
10.23885/181433262022181-3133,1
10.23885/181433262022181-38,1
10.23885/181433262022181-913,1
10.24272/j.issn.2095-8137.2022.114,1
10.24349/0gr3-3a6b,1
10.24349/1dwx-x5h2,1
10.24349/1vxa-ege3,1
10.24349/2y2g-zk3m,1
10.24349/38vh-n9rc,1
10.24349/6gnq-wcbz,1
10.24349/7izc-dm2n,1
10.24349/8dra-mc90,1
10.24349/gsxm-p9jj,1
10.24349/itvr-wvsl,1
10.24349/jkco-c4nu,1
10.24349/l06c-j0qm,1
10.24349/pfqk-ad5d,1
10.24349/piy2-100q,1
10.24349/qrp6-e0na,1
10.24349/tayr-ir00,1
10.24349/w600-25ar,1
10.24349/xmar-43rw,1
10.24349/z3ie-bf78,1
10.2476/asjaa.71.105,1
10.2476/asjaa.71.115,1
10.2476/asjaa.71.125,1
10.2476/asjaa.71.129,1
10.2476/asjaa.71.135,1
10.2476/asjaa.71.141,1
10.2476/asjaa.71.147,1
10.2476/asjaa.71.157,1
10.2476/asjaa.71.73,1
10.2476/asjaa.71.77,1
10.2476/asjaa.71.81,1
10.2476/asjaa.71.89,1
10.2476/asjaa.71.93,1
10.24823/ejb.2022.1875,1
10.24823/ejb.2022.1895,1
10.24823/ejb.2022.1911,1
10.24823/ejb.2022.1925,1
10.24823/ejb.2022.1938,1
10.24823/ejb.2022.1952,1
10.24823/ejb.2022.369,1
10.24823/ejb.2022.389,1
10.24823/ejb.2022.406,1
10.24823/ejb.2022.413,1
10.24823/ejb.2022.624,1
10.2517/PR200020,0
10.2517/PR200036,0
10.2517/PR200041,0
10.2517/PR210009,0
10.2517/PR210018,0
10.25221/fee.456.1,1
10.25221/fee.456.2,1
10.25221/fee.456.3,1
10.25221/fee.456.4,1
10.25221/fee.456.5,1
10.25225/jvb.21067,1
10.25227/linbg.01115,1
10.25664/art-0341,0
10.25664/art-0343,0
10.25664/art-0344,0
10.26028/cybium/1999-234-001,0
10.26028/cybium/1999-234-002,0
10.26028/cybium/1999-234-003,0
10.26028/cybium/1999-234-004,0
10.26028/cybium/1999-234-005,0
10.26028/cybium/1999-234-006,0
10.26028/cybium/1999-234-007,0
10.26028/cybium/1999-234-008,0
10.26028/cybium/1999-234-009,0
10.26028/cybium/2000-241-001,0
10.26028/cybium/2000-241-002,0
10.26028/cybium/2000-241-003,0
10.26028/cybium/2000-241-004,0
10.26028/cybium/2000-241-005,0
10.26028/cybium/2000-241-006,0
10.26028/cybium/2000-241-007,0
10.26028/cybium/2000-241-008,0
10.26028/cybium/2000-241-009,0
10.26028/cybium/2000-242-001,0
10.26028/cybium/2000-242-002,0
10.26028/cybium/2000-242-003,0
10.26028/cybium/2000-242-004,0
10.26028/cybium/2000-242-005,0
10.26028/cybium/2000-242-006,0
10.26028/cybium/2000-242-007,0
10.26028/cybium/2000-242-008,0
10.26028/cybium/2000-243-001,0
10.26028/cybium/2000-243-002,0
10.26028/cybium/2000-243-003,0
10.26028/cybium/2000-243-004,0
10.26028/cybium/2000-243-005,0
10.26028/cybium/2000-243-006,0
10.26028/cybium/2000-243-007,0
10.26028/cybium/2000-243-008,0
10.26028/cybium/2000-243-009,0
10.26028/cybium/2000-243-010,0
10.26028/cybium/2000-243s-004,0
10.26028/cybium/2000-243s-005,0
10.26028/cybium/2000-243s-006,0
10.26028/cybium/2000-243s-007,0
10.26028/cybium/2000-243s-008,0
10.26028/cybium/2000-243s-010,0
10.26028/cybium/2000-243s-012,0
10.26028/cybium/2000-243s-013,0
10.26028/cybium/2000-243s-014,0
10.26028/cybium/2000-243s-015,0
10.26028/cybium/2000-243s-016s,0
10.26028/cybium/2022-462-3-001,0
10.26028/cybium/2022-462-3-appendix,0
10.26028/cybium/2022-462-3-contents,0
10.26107/rbz-2021-0065,0
10.26107/rbz-2021-0066,0
10.26107/rbz-2021-0067,0
10.26107/rbz-2021-0068,0
10.26107/rbz-2021-0069,0
10.26107/rbz-2021-0070,0
10.26107/rbz-2021-0071,0
10.26107/rbz-2021-0072,0
10.26107/rbz-2021-0073,0
10.26107/rbz-2022-0001,0
10.26107/rbz-2022-0002,0
10.26107/rbz-2022-0003,0
10.26107/rbz-2022-0004,0
10.26107/rbz-2022-0005,0
10.26107/rbz-2022-0006,0
10.26107/rbz-2022-0007,0
10.26107/rbz-2022-0008,0
10.26107/rbz-2022-0009,0
10.26107/rbz-2022-0010,0
10.26107/rbz-2022-0011,0
10.26107/rbz-2022-0012,0
10.26107/rbz-2022-0013,0
10.26107/rbz-2022-0014,0
10.26107/rbz-2022-0015,0
10.26107/rbz-2022-0016,0
10.26107/rbz-2022-0017,0
10.26107/rbz-2022-0018,0
10.26515/rzsi/v122/i1/2022/143670,0
10.26515/rzsi/v122/i1/2022/151058,0
10.26515/rzsi/v122/i1/2022/152259,0
10.26515/rzsi/v122/i1/2022/154229,0
10.26515/rzsi/v122/i1/2022/154669,0
10.26515/rzsi/v122/i1/2022/155991,0
10.26515/rzsi/v122/i1/2022/157524,0
10.26515/rzsi/v122/i1/2022/158031,0
10.26515/rzsi/v122/i1/2022/163936,0
10.26515/rzsi/v122/i1/2022/164748,0
10.26515/rzsi/v122/i1/2022/165748,0
10.26515/rzsi/v122/i1/2022/166469,0
10.26515/rzsi/v122/i1/2022/167154,0
10.26515/rzsi/v122/i1/2022/167241,0
10.26515/rzsi/v122/i1/2022/167436,0
10.26515/rzsi/v122/i1/2022/168469,0
10.26515/rzsi/v122/i2/2022/156043,0
10.26515/rzsi/v122/i2/2022/164331,0
10.26515/rzsi/v122/i2/2022/164782,0
10.26515/rzsi/v122/i2/2022/165533,0
10.26515/rzsi/v122/i2/2022/166910,0
10.26515/rzsi/v122/i2/2022/168238,0
10.26515/rzsi/v122/i2/2022/168290,0
10.26515/rzsi/v122/i2/2022/168481,0
10.26515/rzsi/v122/i2/2022/168496,0
10.26515/rzsi/v122/i2/2022/168596,0
10.26515/rzsi/v122/i2/2022/170243,0
10.26515/rzsi/v122/i2/2022/172353,0
10.26686/wgtn.19119362,1
10.26842/binhm.7.2022.17.2.0251,1
10.2984/76.2.6,0
10.2987/22-7083,0
10.2994/SAJH-D-19-00113.1,0
10.30796/angv.2022.15,0
10.30906/1026-2296-2022-29-1-1-18,0
10.30906/1026-2296-2022-29-1-19-34,0
10.30906/1026-2296-2022-29-1-35-46,0
10.30906/1026-2296-2022-29-1-47-64,0
10.30906/1026-2296-2022-29-2-110-116,0
10.30906/1026-2296-2022-29-2-117-126,0
10.30906/1026-2296-2022-29-2-65-75,0
10.30906/1026-2296-2022-29-2-85-92,0
10.30906/1026-2296-2022-29-2-93-109,0
10.30906/1026-2296-2022-29-3-137-148,0
10.30906/1026-2296-2022-29-3-149-155,0
10.30906/1026-2296-2022-29-3-161-168,0
10.30906/1026-2296-2022-29-3-169-186,0
10.30906/1026-2296-2022-29-3-187-190,0
10.30906/1026-2296-2022-29-4-191-198,0
10.30906/1026-2296-2022-29-4-199-205,0
10.30906/1026-2296-2022-29-4-227-236,1
10.30906/1026-2296-2022-29-4-237-249,0
10.30906/1026-2296-2022-29-4-250-254,0
10.30906/1026-2296-2022-29-5-255-261,0
10.30906/1026-2296-2022-29-5-262-274,0
10.30906/1026-2296-2022-29-5-275-283,0
10.30906/1026-2296-2022-29-5-284-297,0
10.30906/1026-2296-2022-29-5-298-316,0
10.30906/1026-2296-2022-29-6-317-323,0
10.30906/1026-2296-2022-29-6-355-363,0
10.30906/1026-2296-2022-29-6-364-366,0
10.30906/1026-2296-2022-29-6-367-372,0
10.30906/1026-2296-2022-29-6-373-376,0
10.31080/ecve.2022.07.00462,0
10.3114/fuse.2021.08.07,1
10.3114/fuse.2021.08.08,1
10.3114/fuse.2021.08.09,1
10.3114/fuse.2021.08.12,1
10.3114/fuse.2021.08.13,1
10.3114/fuse.2022.09.01,1
10.3114/fuse.2022.09.02,1
10.3114/fuse.2022.09.03,1
10.3114/fuse.2022.09.04,1
10.3114/fuse.2022.09.05,1
10.3114/fuse.2022.09.06,1
10.3114/fuse.2022.09.07,1
10.3114/fuse.2022.09.08,1
10.3114/fuse.2022.10.01,1
10.3114/fuse.2022.10.02,1
10.3114/fuse.2022.10.03,1
10.3114/fuse.2022.10.04,1
10.3114/fuse.2022.10.05,1
10.3114/fuse.2022.10.06,0
10.3114/fuse.2022.10.07,1
10.3114/fuse.2022.10.08,0
10.3114/fuse.2022.10.09,0
10.3114/fuse.2022.10.10,1
10.3114/sim.2022.101.01,1
10.3114/sim.2022.101.02,1
10.3114/sim.2022.101.03,1
10.3114/sim.2022.101.04,1
10.3114/sim.2022.101.05,1
10.3114/sim.2022.101.06,1
10.31184/G00138894.733.1853,0
10.31184/M00138908.1581.4087,0
10.31184/M00138908.1581.4106,0
10.31184/M00138908.1581.4107,0
10.31184/M00138908.1581.4110,0
10.31184/M00138908.1581.4111,0
10.31184/M00138908.1581.4112,0
10.31184/M00138908.1581.4113,0
10.31184/M00138908.1581.4116,0
10.31184/M00138908.1581.4118,0
10.31184/M00138908.1581.4120,0
10.31184/M00138908.1581.4121,0
10.3157/061.148.0101,0
10.3157/061.148.0102,0
10.3157/061.148.0103,0
10.3157/061.148.0104,0
10.3159/TORREY-D-21-00037.1,1
10.3159/TORREY-D-22-00018.1,0
10.3161/00034541ANZ2022.72.1.005,0
10.3161/00034541ANZ2022.72.1.009,0
10.3161/00034541ANZ2022.72.1.010,1
10.3161/00034541ANZ2022.72.2.001,0
10.3161/00034541ANZ2022.72.2.003,0
10.3161/00034541ANZ2022.72.2.004,0
10.3161/00034541ANZ2022.72.2.013,0
10.3161/00034541ANZ2022.72.2.015,0
10.3161/00034541ANZ2022.72.3.001,0
10.32870/dugesiana.v29i1.7157,1
10.32870/dugesiana.v29i1.7158,1
10.32870/dugesiana.v29i1.7171,1
10.32870/dugesiana.v29i1.7238,1
10.32870/dugesiana.v29i1.7240,1
10.32870/dugesiana.v29i1.7243,1
10.32870/dugesiana.v29i1.7245,1
10.32870/dugesiana.v29i1.7247,0
10.32870/dugesiana.v29i2.7241,1
10.32870/dugesiana.v29i2.7249,1
10.32870/dugesiana.v29i2.7252,1
10.32870/dugesiana.v29i2.7253,1
10.32870/dugesiana.v29i2.7255,1
10.32870/dugesiana.v29i2.7257,1
10.32870/dugesiana.v29i2.7261,1
10.32870/dugesiana.v29i2.7265,1
10.32870/dugesiana.v29i2.7266,1
10.32870/dugesiana.v29i2.7267,1
10.32870/dugesiana.v29i2.7268,1
10.32870/dugesiana.v29i2.7269,1
10.32870/dugesiana.v29i2.7273,1
10.32870/dugesiana.v29i2.7274,0
10.32870/dugesiana.v29i2.7275,0
10.32870/dugesiana.v29i2.7276,1
10.33256/32.2.5158,1
10.33256/32.2.5969,0
10.33256/32.2.7079,0
10.33256/32.2.8084,1
10.33256/32.2.8592,0
10.33256/32.3.102108,1
10.33256/32.3.109113,1
10.33256/32.3.114119,1
10.33256/32.3.120129,1
10.33256/32.3.130141,0
10.33256/32.3.142175,1
10.33256/32.3.93101,1
10.33256/32.4.176182,1
10.33256/32.4.183189,1
10.33256/32.4.190197,0
10.33256/33.1.115,1
10.33256/33.1.1424,0
10.33256/33.1.613,0
10.3354/dao03641,0
10.3354/dao03693,0
10.3354/dao03710,0
10.3372/wi.52.52104,1
10.3372/wi.52.52303,1
10.3389/fbioe.2022.900785,1
10.3389/fcimb.2022.858155,1
10.3389/fgene.2021.807234,1
10.3389/fgene.2022.970314,1
10.3389/fmicb.2021.774839,1
10.3389/fmicb.2022.1056669,1
10.3389/fmicb.2022.1060554,1
10.3389/fmicb.2022.747484,1
10.3389/fmicb.2022.813002,1
10.3389/fmicb.2022.820402,1
10.3389/fmicb.2022.826683,1
10.3389/fmicb.2022.833313,1
10.3389/fmicb.2022.841604,1
10.3389/fmicb.2022.845104,1
10.3389/fmicb.2022.846909,1
10.3389/fmicb.2022.849695,1
10.3389/fmicb.2022.859411,1
10.3389/fmicb.2022.860308,1
10.3389/fmicb.2022.866459,1
10.3389/fmicb.2022.871596,1
10.3389/fmicb.2022.882890,1
10.3389/fmicb.2022.894641,1
10.3389/fmicb.2022.930790,1
10.3389/fmicb.2022.942603,1
10.3389/fmicb.2022.968617,1
10.3389/fmicb.2022.981507,1
10.3389/fmicb.2022.984450,1
10.3389/fmolb.2022.784419,0
10.3389/fpls.2021.748562,1
10.3389/fpls.2021.751230,1
10.3389/fpls.2022.894985,1
10.3390/agriculture12070990,1
10.3390/ani12010076,1
10.3390/ani12060742,1
10.3390/app12062883,1
10.3390/bioengineering9120812,1
10.3390/biology11060860,1
10.3390/biology11060866,1
10.3390/biology11060885,1
10.3390/biology11060889,1
10.3390/biology11091326,1
10.3390/d14020119,1
10.3390/d14020149,1
10.3390/d14030161,1
10.3390/d14030181,1
10.3390/d14030200,1
10.3390/d14030225,1
10.3390/d14040276,1
10.3390/d14040289,1
10.3390/d14050337,1
10.3390/d14050364,1
10.3390/d14050373,1
10.3390/d14050379,1
10.3390/d14070545,1
10.3390/d14080620,1
10.3390/d14080678,1
10.3390/d14100807,1
10.3390/d14100848,1
10.3390/d14111005,1
10.3390/d14111009,1
10.3390/d14121010,1
10.3390/d14121070,1
10.3390/foods11030346,1
10.3390/genes13081442,1
10.3390/ijms23031764,1
10.3390/ijms23179712,1
10.3390/insects13020119,1
10.3390/insects13020122,1
10.3390/insects13020171,1
10.3390/insects13030272,1
10.3390/insects13040345,1
10.3390/insects13040362,1
10.3390/insects13050411,1
10.3390/insects13050438,1
10.3390/insects13080715,1
10.3390/insects13121096,1
10.3390/insects13121148,1
10.3390/insects13121154,1
10.3390/insects14010021,1
10.3390/jmse10010065,1
10.3390/jof8030225,1
10.3390/jof8030256,1
10.3390/jof8050500,1
10.3390/jof8050501,1
10.3390/jof8060593,1
10.3390/jof8060613,1
10.3390/jof8070647,1
10.3390/jof8070720,1
10.3390/jof8080766,1
10.3390/jof8080770,1
10.3390/jof8080773,1
10.3390/jof8121279,1
10.3390/jof8121283,1
10.3390/jof8121297,1
10.3390/jof9010030,1
10.3390/microbiolres13010012,1
10.3390/microorganisms10030636,1
10.3390/microorganisms10030649,1
10.3390/microorganisms10061098,1
10.3390/microorganisms10061169,1
10.3390/microorganisms10071349,1
10.3390/microorganisms10071363,1
10.3390/microorganisms10112304,1
10.3390/nano12142468,1
10.3390/pathogens11020168,1
10.3390/pathogens11030303,1
10.3390/pathogens11060624,1
10.3390/plants11030426,1
10.3390/plants11172314,1
10.3390/taxonomy2020014,1
10.3390/v14010072,1
10.3390/v14020194,1
10.3390/v14020213,1
10.3390/v14020365,1
10.3390/v14061120,1
10.3390/v14071562,1
10.3390/v14081612,1
10.35929/RSZ.0073,1
10.36253/a_h-10188,1
10.36253/a_h-11315,1
10.36253/a_h-11386,1
10.36253/a_h-11453,1
10.36253/a_h-11547,0
10.36253/a_h-11945,1
10.36253/a_h-12179,1
10.36253/a_h-12187,1
10.36253/a_h-12326,1
10.36253/a_h-12349,1
10.36253/a_h-12388,0
10.36253/a_h-12542,0
10.36253/a_h-12556,0
10.36253/a_h-12660,0
10.36253/a_h-12978,0
10.36253/a_h-13069,1
10.36253/a_h-13089,0
10.36253/a_h-13209,0
10.36253/a_h-13467,0
10.36253/a_h-13627,0
10.36253/jopt-12014,1
10.36253/jopt-12026,1
10.36253/jopt-12092,1
10.36253/jopt-12167,1
10.36253/jopt-12176,1
10.36253/jopt-12256,1
10.36253/jopt-12339,1
10.36253/jopt-12406,1
10.36253/jopt-12810,0
10.36253/jopt-12854,1
10.36253/jopt-12929,1
10.36253/jopt-13038,1
10.36253/jopt-13039,1
10.36253/jopt-13088,1
10.36253/jopt-13193,1
10.36253/jopt-13250,1
10.36253/jopt-13274,1
10.36253/jopt-13377,1
10.36253/jopt-13400,1
10.36253/jopt-13461,1
10.36253/jopt-13470,1
10.36253/jopt-13518,1
10.36253/jopt-13570,1
10.36253/jopt-13735,1
10.36253/jopt-14078,1
10.37520/aemnp.2022.001,1
10.37520/aemnp.2022.002,1
10.37520/jnmpnhs.2022.002,1
10.3767/blumea.2022.67.01.04,1
10.3767/blumea.2022.67.02.08,1
10.3767/persoonia.2021.47.01,1
10.3767/persoonia.2021.47.02,1
10.3767/persoonia.2021.47.03,1
10.3767/persoonia.2021.47.04,1
10.3767/persoonia.2021.47.05,1
10.3767/persoonia.2021.47.06,1
10.3767/persoonia.2022.48.01,1
10.3767/persoonia.2022.48.02,1
10.3767/persoonia.2022.48.03,1
10.3767/persoonia.2022.48.04,1
10.3767/persoonia.2022.48.05,1
10.3767/persoonia.2022.48.06,1
10.3767/persoonia.2022.48.07,1
10.3767/persoonia.2022.48.08,1
10.3767/persoonia.2022.49.01,1
10.3767/persoonia.2022.49.03,1
10.37828/em.2022.50.1,0
10.37828/em.2022.50.10,1
10.37828/em.2022.50.2,1
10.37828/em.2022.50.3,1
10.37828/em.2022.50.4,1
10.37828/em.2022.50.5,1
10.37828/em.2022.50.6,0
10.37828/em.2022.50.7,1
10.37828/em.2022.50.8,1
10.37828/em.2022.50.9,0
10.37828/em.2022.51.1,1
10.37828/em.2022.51.10,0
10.37828/em.2022.51.2,1
10.37828/em.2022.51.3,1
10.37828/em.2022.51.4,0
10.37828/em.2022.51.5,1
10.37828/em.2022.51.6,1
10.37828/em.2022.51.7,1
10.37828/em.2022.51.8,0
10.37828/em.2022.51.9,0
10.37828/em.2022.52.1,1
10.37828/em.2022.52.2,1
10.37828/em.2022.52.3,1
10.37828/em.2022.52.4,1
10.37828/em.2022.52.5,1
10.37828/em.2022.52.6,1
10.37828/em.2022.52.7,1
10.37828/em.2022.52.8,1
10.37828/em.2022.52.9,1
10.37828/em.2022.53.1,1
10.37828/em.2022.53.2,1
10.37828/em.2022.53.3,0
10.37828/em.2022.53.4,1
10.37828/em.2022.53.5,1
10.37828/em.2022.54.1,1
10.37828/em.2022.54.2,1
10.37828/em.2022.54.3,1
10.37828/em.2022.54.4,0
10.37828/em.2022.54.5,1
10.37828/em.2022.54.6,1
10.37828/em.2022.54.7,1
10.37828/em.2022.54.8,1
10.37828/em.2022.55.1,1
10.37828/em.2022.56.1,1
10.37828/em.2022.56.2,1
10.37828/em.2022.56.3,1
10.37828/em.2022.57.1,1
10.37828/em.2022.57.2,1
10.37828/em.2022.57.3,1
10.37828/em.2022.57.4,1
10.37828/em.2022.57.5,0
10.37828/em.2022.57.6,1
10.37828/em.2022.57.7,1
10.37828/em.2022.58.1,0
10.37828/em.2022.58.2,1
10.37828/em.2022.58.3,1
10.37828/em.2022.60.1,1
10.37828/em.2022.60.10,0
10.37828/em.2022.60.11,0
10.37828/em.2022.60.2,1
10.37828/em.2022.60.3,0
10.37828/em.2022.60.4,1
10.37828/em.2022.60.5,1
10.37828/em.2022.60.6,1
10.37828/em.2022.60.7,1
10.37828/em.2022.60.8,1
10.37828/em.2022.60.9,0
10.3897/afrinvertebr.63.76309,1
10.3897/afrinvertebr.63.76934,1
10.3897/afrinvertebr.63.81092,1
10.3897/afrinvertebr.63.86661,1
10.3897/afrinvertebr.63.90530,1
10.3897/afrinvertebr.63.94095,1
10.3897/asp.80.e76339,1
10.3897/asp.80.e76559,1
10.3897/asp.80.e83035,1
10.3897/BDJ.10.e75910,1
10.3897/bdj.10.e76904,1
10.3897/BDJ.10.e77963,1
10.3897/bdj.10.e85029,1
10.3897/BDJ.9.e66115,1
10.3897/BDJ.9.e70088,1
10.3897/BDJ.9.e75907,1
10.3897/BDJ.9.e77224,1
10.3897/compcytogen.v16.i1.76260,1
10.3897/compcytogen.v16.i1.79056,1
10.3897/compcytogen.v16.i2.79033,1
10.3897/dez.69.68373,1
10.3897/jhr.89.72083,1
10.3897/jhr.89.75857,1
10.3897/jhr.89.76620,1
10.3897/jhr.89.77485,1
10.3897/jhr.89.77687,1
10.3897/jhr.89.77931,1
10.3897/jhr.89.78856,1
10.3897/jhr.89.79180,1
10.3897/jhr.89.79200,1
10.3897/jhr.89.79306,1
10.3897/jhr.89.79832,1
10.3897/jhr.89.80163,1
10.3897/jhr.89.80284,1
10.3897/jhr.89.81731,1
10.3897/jhr.91.81624,1
10.3897/jhr.91.81957,1
10.3897/jhr.91.82107,1
10.3897/jhr.91.82381,1
10.3897/jhr.91.82490,1
10.3897/jhr.91.82761,1
10.3897/jhr.91.82812,1
10.3897/jhr.91.83318,1
10.3897/jhr.91.83618,1
10.3897/jhr.91.83710,1
10.3897/jhr.91.83765,1
10.3897/jhr.91.84139,1
10.3897/jhr.91.84937,1
10.3897/jhr.91.84964,1
10.3897/jhr.91.85373,1
10.3897/jhr.92.81380,1
10.3897/jhr.92.81917,1
10.3897/jhr.92.84146,1
10.3897/jhr.92.84969,1
10.3897/jhr.92.85040,1
10.3897/jhr.92.85967,1
10.3897/jhr.92.86954,1
10.3897/jhr.92.87032,1
10.3897/jhr.92.87084,1
10.3897/jhr.92.87197,1
10.3897/jhr.92.87215,1
10.3897/jhr.92.87218,1
10.3897/jhr.92.90098,1
10.3897/jhr.93.85685,1
10.3897/jhr.93.86238,1
10.3897/jhr.93.86723,1
10.3897/jhr.93.86860,1
10.3897/jhr.93.89507,1
10.3897/jhr.93.90092,1
10.3897/jhr.93.90545,1
10.3897/jhr.93.90874,1
10.3897/jhr.93.91209,1
10.3897/jhr.93.91298,1
10.3897/jhr.93.91513,1
10.3897/jhr.93.93865,1
10.3897/jhr.93.94165,1
10.3897/jhr.93.94621,1
10.3897/jhr.93.94727,1
10.3897/jhr.94.84617,1
10.3897/jhr.94.85613,1
10.3897/jhr.94.91001,1
10.3897/jhr.94.93512,1
10.3897/jhr.94.93555,1
10.3897/jhr.94.94263,1
10.3897/jhr.94.94584,1
10.3897/jhr.94.94677,1
10.3897/jhr.94.94773,1
10.3897/jhr.94.95961,1
10.3897/jhr.94.96429,1
10.3897/jor.31.69425,1
10.3897/jor.31.70565,1
10.3897/jor.31.71458,1
10.3897/jor.31.72082,1
10.3897/jor.31.73373,1
10.3897/jor.31.73389,1
10.3897/jor.31.73800,1
10.3897/jor.31.76075,1
10.3897/jor.31.78462,1
10.3897/jor.31.78520,1
10.3897/jor.31.79036,1
10.3897/jor.31.79332,1
10.3897/jor.31.79783,1
10.3897/jor.31.79819,1
10.3897/jor.31.81126,1
10.3897/jor.31.81760,1
10.3897/jor.31.82306,1
10.3897/jor.31.82317,1
10.3897/jor.31.84135,1
10.3897/jor.31.84157,1
10.3897/mycokeys.85.75944,1
10.3897/mycokeys.86.70668,1
10.3897/mycokeys.86.71623,1
10.3897/mycokeys.86.73861,1
10.3897/mycokeys.86.75801,1
10.3897/mycokeys.86.76053,1
10.3897/mycokeys.86.76425,1
10.3897/mycokeys.86.77431,1
10.3897/mycokeys.86.78305,1
10.3897/mycokeys.86.78989,1
10.3897/mycokeys.87.71524,1
10.3897/mycokeys.87.72614,1
10.3897/mycokeys.87.72941,1
10.3897/mycokeys.87.73082,1
10.3897/mycokeys.87.76085,1
10.3897/mycokeys.87.76125,1
10.3897/mycokeys.87.79433,1
10.3897/mycokeys.88.73951,1
10.3897/mycokeys.88.77106,1
10.3897/mycokeys.88.79266,1
10.3897/mycokeys.88.79346,1
10.3897/mycokeys.88.79475,1
10.3897/mycokeys.88.80068,1
10.3897/mycokeys.88.81437,1
10.3897/mycokeys.88.82229,1
10.3897/mycokeys.89.79064,1
10.3897/mycokeys.89.81148,1
10.3897/mycokeys.89.83197,1
10.3897/mycokeys.90.78880,1
10.3897/mycokeys.90.82871,1
10.3897/mycokeys.90.83801,1
10.3897/mycokeys.90.83829,1
10.3897/mycokeys.90.84562,1
10.3897/mycokeys.90.84717,1
10.3897/mycokeys.90.84767,1
10.3897/mycokeys.90.84866,1
10.3897/mycokeys.90.85267,1
10.3897/mycokeys.90.85690,1
10.3897/mycokeys.91.83091,1
10.3897/mycokeys.91.84730,1
10.3897/mycokeys.91.84803,1
10.3897/mycokeys.91.84896,1
10.3897/mycokeys.91.84970,1
10.3897/mycokeys.91.86257,1
10.3897/mycokeys.91.86693,1
10.3897/mycokeys.91.86812,1
10.3897/mycokeys.91.87841,1
10.3897/mycokeys.92.80682,1
10.3897/mycokeys.92.83928,1
10.3897/mycokeys.92.83939,1
10.3897/mycokeys.92.86160,1
10.3897/mycokeys.92.86277,1
10.3897/mycokeys.92.86521,1
10.3897/mycokeys.92.87593,1
10.3897/mycokeys.92.89960,1
10.3897/mycokeys.92.91389,1
10.3897/mycokeys.92.94104,1
10.3897/mycokeys.93.86580,1
10.3897/mycokeys.93.87797,1
10.3897/mycokeys.93.89209,1
10.3897/mycokeys.93.89283,1
10.3897/mycokeys.93.89888,1
10.3897/mycokeys.93.90861,1
10.3897/mycokeys.93.90962,1
10.3897/mycokeys.93.93712,1
10.3897/mycokeys.93.94148,1
10.3897/mycokeys.94.89425,1
10.3897/mycokeys.94.91340,1
10.3897/mycokeys.94.95751,1
10.3897/mycokeys.94.95858,1
10.3897/mycokeys.94.95888,1
10.3897/mycokeys.94.96301,1
10.3897/mycokeys.94.96782,1
10.3897/natureconservation.50.86002,1
10.3897/natureconservation.50.86490,1
10.3897/nl.45.61588,1
10.3897/nl.45.68138,1
10.3897/nl.45.68624,1
10.3897/nl.45.72017,1
10.3897/nl.45.73925,1
10.3897/nl.45.74236,1
10.3897/nl.45.75182,1
10.3897/nl.45.75693,1
10.3897/nl.45.75723,1
10.3897/nl.45.76043,1
10.3897/nl.45.76222,1
10.3897/nl.45.78574,1
10.3897/nl.45.80106,1
10.3897/nl.45.81451,1
10.3897/nl.45.81499,1
10.3897/nl.45.81674,1
10.3897/nl.45.81819,1
10.3897/nl.45.85341,1
10.3897/nl.45.86498,1
10.3897/nl.45.87795,1
10.3897/nl.45.89540,1
10.3897/nl.45.94938,1
10.3897/nl.45.95198,1
10.3897/nl.45.95740,1
10.3897/phytokeys.186.62018,1
10.3897/phytokeys.186.63543,1
10.3897/phytokeys.186.69878,1
10.3897/phytokeys.188.64259,1
10.3897/phytokeys.188.73370,1
10.3897/phytokeys.188.75401,1
10.3897/phytokeys.188.75739,1
10.3897/phytokeys.188.75937,1
10.3897/phytokeys.188.76611,1
10.3897/phytokeys.188.77061,1
10.3897/phytokeys.188.77242,1
10.3897/phytokeys.188.77776,1
10.3897/phytokeys.188.77882,1
10.3897/phytokeys.189.49367,1
10.3897/phytokeys.189.73959,1
10.3897/phytokeys.189.75321,1
10.3897/phytokeys.189.76464,1
10.3897/phytokeys.189.77374,1
10.3897/phytokeys.189.77839,1
10.3897/phytokeys.189.77926,1
10.3897/phytokeys.189.78149,1
10.3897/phytokeys.189.79631,1
10.3897/phytokeys.189.80016,1
10.3897/phytokeys.190.72740,1
10.3897/phytokeys.190.76111,1
10.3897/phytokeys.190.76494,1
10.3897/phytokeys.190.77449,1
10.3897/phytokeys.190.77526,1
10.3897/phytokeys.190.77918,1
10.3897/phytokeys.190.78164,1
10.3897/phytokeys.190.79185,1
10.3897/phytokeys.190.80490,1
10.3897/phytokeys.190.80724,1
10.3897/phytokeys.191.73714,1
10.3897/phytokeys.191.78489,1
10.3897/phytokeys.192.77269,1
10.3897/phytokeys.192.77517,1
10.3897/phytokeys.192.78409,1
10.3897/phytokeys.192.79506,1
10.3897/phytokeys.192.79702,1
10.3897/phytokeys.192.81571,1
10.3897/phytokeys.193.70757,1
10.3897/phytokeys.193.72270,1
10.3897/phytokeys.193.76365,1
10.3897/phytokeys.193.77083,1
10.3897/phytokeys.193.78810,1
10.3897/phytokeys.193.79667,1
10.3897/phytokeys.193.79886,1
10.3897/phytokeys.193.80327,1
10.3897/phytokeys.193.80715,1
10.3897/phytokeys.193.82287,1
10.3897/phytokeys.194.68404,1
10.3897/phytokeys.194.77827,1
10.3897/phytokeys.194.79638,1
10.3897/phytokeys.194.80129,1
10.3897/phytokeys.194.80967,1
10.3897/phytokeys.194.81018,1
10.3897/phytokeys.194.81335,1
10.3897/phytokeys.194.81652,1
10.3897/phytokeys.194.82737,1
10.3897/phytokeys.194.83080,1
10.3897/phytokeys.195.78832,1
10.3897/phytokeys.195.80452,1
10.3897/phytokeys.195.81370,1
10.3897/phytokeys.195.81632,1
10.3897/phytokeys.195.81755,1
10.3897/phytokeys.195.82411,1
10.3897/phytokeys.195.82789,1
10.3897/phytokeys.195.83004,1
10.3897/phytokeys.195.83934,1
10.3897/phytokeys.196.77940,1
10.3897/phytokeys.196.79566,1
10.3897/phytokeys.196.79673,1
10.3897/phytokeys.196.82598,1
10.3897/phytokeys.196.83176,1
10.3897/phytokeys.197.73596,1
10.3897/phytokeys.197.79499,1
10.3897/phytokeys.197.80531,1
10.3897/phytokeys.197.81367,1
10.3897/phytokeys.197.82670,1
10.3897/phytokeys.197.83089,1
10.3897/phytokeys.197.84833,1
10.3897/phytokeys.198.79514,1
10.3897/phytokeys.199.76693,1
10.3897/phytokeys.199.79501,1
10.3897/phytokeys.199.80727,1
10.3897/phytokeys.199.81292,1
10.3897/phytokeys.199.83107,1
10.3897/phytokeys.199.84354,1
10.3897/phytokeys.199.85231,1
10.3897/phytokeys.199.85437,1
10.3897/phytokeys.199.85679,1
10.3897/phytokeys.199.85717,1
10.3897/phytokeys.200.71667,1
10.3897/phytokeys.201.77574,1
10.3897/phytokeys.201.79626,1
10.3897/phytokeys.201.80774,1
10.3897/phytokeys.201.82872,1
10.3897/phytokeys.201.83316,1
10.3897/phytokeys.201.84027,1
10.3897/phytokeys.201.84699,1
10.3897/phytokeys.201.84911,1
10.3897/phytokeys.201.85154,1
10.3897/phytokeys.201.86180,1
10.3897/phytokeys.202.76344,1
10.3897/phytokeys.202.80554,1
10.3897/phytokeys.202.82101,1
10.3897/phytokeys.202.82786,1
10.3897/phytokeys.202.84688,1
10.3897/phytokeys.202.85410,1
10.3897/phytokeys.202.85822,1
10.3897/phytokeys.202.86653,1
10.3897/phytokeys.202.87306,1
10.3897/phytokeys.202.87464,1
10.3897/phytokeys.203.83529,1
10.3897/phytokeys.204.82508,1
10.3897/phytokeys.204.84397,1
10.3897/phytokeys.204.84886,1
10.3897/phytokeys.204.85256,1
10.3897/phytokeys.204.85746,1
10.3897/phytokeys.204.86045,1
10.3897/phytokeys.204.86647,1
10.3897/phytokeys.204.86857,1
10.3897/phytokeys.204.87654,1
10.3897/phytokeys.204.89690,1
10.3897/phytokeys.205.75379,1
10.3897/phytokeys.205.76790,1
10.3897/phytokeys.205.76821,1
10.3897/phytokeys.205.78297,1
10.3897/phytokeys.205.79144,1
10.3897/phytokeys.205.79378,1
10.3897/phytokeys.205.79381,1
10.3897/phytokeys.205.82220,1
10.3897/phytokeys.205.82256,1
10.3897/phytokeys.205.82275,1
10.3897/phytokeys.205.82288,1
10.3897/phytokeys.205.82300,1
10.3897/phytokeys.205.82728,1
10.3897/phytokeys.205.82775,1
10.3897/phytokeys.205.82821,1
10.3897/phytokeys.205.85866,1
10.3897/phytokeys.205.89634,1
10.3897/phytokeys.206.75971,1
10.3897/phytokeys.206.77379,1
10.3897/phytokeys.206.84227,1
10.3897/phytokeys.206.84716,1
10.3897/phytokeys.206.85241,1
10.3897/phytokeys.206.85635,1
10.3897/phytokeys.206.85673,1
10.3897/phytokeys.206.87109,1
10.3897/phytokeys.206.87737,1
10.3897/phytokeys.206.89338,1
10.3897/phytokeys.206.90720,1
10.3897/phytokeys.207.61432,1
10.3897/phytokeys.208.80382,1
10.3897/phytokeys.208.89552,1
10.3897/phytokeys.208.89913,1
10.3897/phytokeys.209.87681,1
10.3897/phytokeys.210.85668,1
10.3897/phytokeys.210.86067,1
10.3897/phytokeys.210.87033,1
10.3897/phytokeys.210.89520,1
10.3897/phytokeys.210.90391,1
10.3897/phytokeys.210.90438,1
10.3897/phytokeys.210.90598,1
10.3897/phytokeys.210.90876,1
10.3897/phytokeys.210.91226,1
10.3897/phytokeys.211.83985,1
10.3897/phytokeys.211.85630,1
10.3897/phytokeys.211.85777,1
10.3897/phytokeys.211.87842,1
10.3897/phytokeys.211.89408,1
10.3897/phytokeys.211.89452,1
10.3897/phytokeys.211.89453,1
10.3897/phytokeys.211.90236,1
10.3897/phytokeys.211.90363,1
10.3897/phytokeys.211.90456,1
10.3897/phytokeys.211.93650,1
10.3897/phytokeys.212.82604,1
10.3897/phytokeys.212.89253,1
10.3897/phytokeys.212.89347,1
10.3897/phytokeys.212.91133,1
10.3897/phytokeys.212.91174,1
10.3897/phytokeys.212.91190,1
10.3897/phytokeys.212.91534,1
10.3897/phytokeys.212.91536,1
10.3897/phytokeys.212.94037,1
10.3897/phytokeys.212.94280,1
10.3897/phytokeys.213.82627,1
10.3897/phytokeys.213.83632,1
10.3897/phytokeys.213.84349,1
10.3897/phytokeys.213.89784,1
10.3897/phytokeys.213.89875,1
10.3897/phytokeys.213.90377,1
10.3897/phytokeys.213.91116,1
10.3897/phytokeys.213.94302,1
10.3897/phytokeys.213.95614,1
10.3897/phytokeys.213.96203,1
10.3897/phytokeys.213.96546,1
10.3897/phytokeys.214.89276,1
10.3897/phytokeys.214.89404,1
10.3897/phytokeys.214.90004,1
10.3897/phytokeys.214.91586,1
10.3897/phytokeys.214.93607,1
10.3897/phytokeys.214.93901,1
10.3897/phytokeys.214.94294,1
10.3897/phytokeys.214.94898,1
10.3897/phytokeys.214.95125,1
10.3897/phytokeys.214.96425,1
10.3897/phytokeys.214.97612,1
10.3897/phytokeys.215.89175,1
10.3897/phytokeys.215.90859,1
10.3897/phytokeys.215.91061,1
10.3897/phytokeys.215.91458,1
10.3897/phytokeys.215.91488,1
10.3897/phytokeys.215.93684,1
10.3897/phytokeys.215.94010,1
10.3897/phytokeys.215.94591,1
10.3897/phytokeys.215.96263,1
10.3897/phytokeys.215.96362,1
10.3897/phytokeys.216.85972,1
10.3897/phytokeys.216.91032,1
10.3897/phytokeys.5555.89480,1
10.3897/subtbiol.42.73282,1
10.3897/subtbiol.42.73524,1
10.3897/subtbiol.42.75725,1
10.3897/subtbiol.42.75784,1
10.3897/subtbiol.42.78037,1
10.3897/subtbiol.42.78074,1
10.3897/subtbiol.42.79190,1
10.3897/subtbiol.42.79447,1
10.3897/subtbiol.42.80274,1
10.3897/subtbiol.42.81486,1
10.3897/subtbiol.43.73185,1
10.3897/subtbiol.43.76049,1
10.3897/subtbiol.43.79993,1
10.3897/subtbiol.43.80969,1
10.3897/subtbiol.43.81308,1
10.3897/subtbiol.43.82158,1
10.3897/subtbiol.43.83592,1
10.3897/subtbiol.43.85804,1
10.3897/subtbiol.43.87277,1
10.3897/subtbiol.44.77980,1
10.3897/subtbiol.44.85517,1
10.3897/subtbiol.44.85604,1
10.3897/subtbiol.44.86565,1
10.3897/subtbiol.44.86914,1
10.3897/subtbiol.44.87205,1
10.3897/subtbiol.44.87295,1
10.3897/subtbiol.44.91002,1
10.3897/subtbiol.44.93661,1
10.3897/subtbiol.44.96545,1
10.3897/subtbiol.73.79318,1
10.3897/vz.72.e73534,1
10.3897/vz.72.e76046,1
10.3897/vz.72.e76047,1
10.3897/vz.72.e76256,1
10.3897/vz.72.e76308,1
10.3897/vz.72.e77702,1
10.3897/vz.72.e78092,1
10.3897/vz.72.e78219,1
10.3897/vz.72.e78234,1
10.3897/vz.72.e78479,1
10.3897/vz.72.e78828,1
10.3897/vz.72.e78830,1
10.3897/vz.72.e79401,1
10.3897/vz.72.e79496,1
10.3897/vz.72.e79911,1
10.3897/vz.72.e80019,1
10.3897/vz.72.e80508,1
10.3897/vz.72.e80615,1
10.3897/vz.72.e82201,1
10.3897/vz.72.e82343,1
10.3897/vz.72.e82709,1
10.3897/vz.72.e82874,1
10.3897/vz.72.e83324,1
10.3897/vz.72.e83544,1
10.3897/vz.72.e84274,1
10.3897/vz.72.e84516,1
10.3897/vz.72.e84732,1
10.3897/vz.72.e84983,1
10.3897/vz.72.e85020,1
10.3897/vz.72.e85144,1
10.3897/vz.72.e85269,1
10.3897/vz.72.e85419,1
10.3897/vz.72.e85466,1
10.3897/vz.72.e85989,1
10.3897/vz.72.e86348,1
10.3897/vz.72.e86968,1
10.3897/vz.72.e87275,1
10.3897/vz.72.e87313,1
10.3897/vz.72.e87426,1
10.3897/vz.72.e89324,1
10.3897/vz.72.e89647,1
10.3897/vz.72.e89660,1
10.3897/vz.72.e90435,1
10.3897/vz.72.e90474,1
10.3897/vz.72.e90840,0
10.3897/vz.72.e90958,1
10.3897/vz.72.e91422,1
10.3897/vz.72.e94711,1
10.3897/vz.72.e94799,1
10.3897/vz.72.e95681,1
10.3897/zookeys.1074.72823,1
10.3897/zookeys.1074.75551,1
10.3897/zookeys.1074.76235,1
10.3897/zookeys.1076.72802,1
10.3897/zookeys.1076.75576,1
10.3897/zookeys.1076.75846,1
10.3897/zookeys.1080.69060,1
10.3897/zookeys.1080.71192,1
10.3897/zookeys.1080.71370,1
10.3897/zookeys.1080.73194,1
10.3897/zookeys.1080.74286,1
10.3897/zookeys.1080.76522,1
10.3897/zookeys.1080.76876,1
10.3897/zookeys.1081.63009,1
10.3897/zookeys.1081.71488,1
10.3897/zookeys.1081.71872,1
10.3897/zookeys.1081.72606,1
10.3897/zookeys.1081.75927,1
10.3897/zookeys.1081.77043,1
10.3897/zookeys.1081.77072,1
10.3897/zookeys.1082.69851,1
10.3897/zookeys.1082.71859,1
10.3897/zookeys.1082.73019,1
10.3897/zookeys.1082.73272,1
10.3897/zookeys.1082.73611,1
10.3897/zookeys.1082.74323,1
10.3897/zookeys.1082.75400,1
10.3897/zookeys.1082.75816,1
10.3897/zookeys.1082.77637,1
10.3897/zookeys.1082.79011,1
10.3897/zookeys.1083.69047,1
10.3897/zookeys.1083.72939,1
10.3897/zookeys.1083.75624,1
10.3897/zookeys.1083.76651,1
10.3897/zookeys.1083.76887,1
10.3897/zookeys.1083.77428,1
10.3897/zookeys.1083.78233,1
10.3897/zookeys.1084.69767,1
10.3897/zookeys.1084.71576,1
10.3897/zookeys.1084.72868,1
10.3897/zookeys.1084.73175,1
10.3897/zookeys.1084.77038,1
10.3897/zookeys.1084.77096,1
10.3897/zookeys.1084.78405,1
10.3897/zookeys.1084.78664,1
10.3897/zookeys.1084.78744,1
10.3897/zookeys.1084.78883,1
10.3897/zookeys.1084.79415,1
10.3897/zookeys.1085.72927,1
10.3897/zookeys.1085.75885,1
10.3897/zookeys.1085.76033,1
10.3897/zookeys.1085.76484,1
10.3897/zookeys.1085.76853,1
10.3897/zookeys.1085.76868,1
10.3897/zookeys.1085.77900,1
10.3897/zookeys.1085.77924,1
10.3897/zookeys.1085.77966,1
10.3897/zookeys.1085.79278,1
10.3897/zookeys.1086.68015,1
10.3897/zookeys.1086.76079,1
10.3897/zookeys.1086.77180,1
10.3897/zookeys.1086.77190,1
10.3897/zookeys.1086.77408,1
10.3897/zookeys.1086.77554,1
10.3897/zookeys.1087.64382,1
10.3897/zookeys.1087.71280,1
10.3897/zookeys.1087.76668,1
10.3897/zookeys.1087.76720,1
10.3897/zookeys.1087.78193,1
10.3897/zookeys.1087.78707,1
10.3897/zookeys.1087.78998,1
10.3897/zookeys.1088.69141,1
10.3897/zookeys.1088.70860,1
10.3897/zookeys.1088.72910,1
10.3897/zookeys.1088.76134,1
10.3897/zookeys.1088.77703,1
10.3897/zookeys.1088.78139,1
10.3897/zookeys.1088.78990,1
10.3897/zookeys.1088.79021,1
10.3897/zookeys.1088.79416,1
10.3897/zookeys.1088.80307,1
10.3897/zookeys.1089.72485,1
10.3897/zookeys.1089.72645,1
10.3897/zookeys.1089.73418,1
10.3897/zookeys.1089.77203,1
10.3897/zookeys.1089.77273,1
10.3897/zookeys.1089.78000,1
10.3897/zookeys.1089.78182,1
10.3897/zookeys.1089.79716,1
10.3897/zookeys.1089.79999,1
10.3897/zookeys.1089.80564,1
10.3897/zookeys.1090.75823,1
10.3897/zookeys.1090.75872,1
10.3897/zookeys.1090.76292,1
10.3897/zookeys.1090.77830,1
10.3897/zookeys.1090.78442,1
10.3897/zookeys.1090.78741,1
10.3897/zookeys.1090.78834,1
10.3897/zookeys.1090.80149,1
10.3897/zookeys.1091.73446,1
10.3897/zookeys.1091.78986,1
10.3897/zookeys.1091.79085,1
10.3897/zookeys.1091.79486,1
10.3897/zookeys.1091.79564,1
10.3897/zookeys.1091.80065,1
10.3897/zookeys.1091.80094,1
10.3897/zookeys.1092.73299,1
10.3897/zookeys.1092.75831,1
10.3897/zookeys.1092.78069,1
10.3897/zookeys.1092.79396,1
10.3897/zookeys.1092.79635,1
10.3897/zookeys.1092.80464,1
10.3897/zookeys.1092.80548,1
10.3897/zookeys.1092.80560,1
10.3897/zookeys.1092.80645,1
10.3897/zookeys.1092.80993,1
10.3897/zookeys.1092.81701,1
10.3897/zookeys.1093.72339,1
10.3897/zookeys.1094.62644,1
10.3897/zookeys.1095.72829,1
10.3897/zookeys.1095.74071,1
10.3897/zookeys.1095.74308,1
10.3897/zookeys.1095.76731,1
10.3897/zookeys.1095.77996,1
10.3897/zookeys.1095.79375,1
10.3897/zookeys.1095.80097,1
10.3897/zookeys.1095.80671,1
10.3897/zookeys.1095.80806,1
10.3897/zookeys.1095.81076,1
10.3897/zookeys.1096.73485,1
10.3897/zookeys.1096.79382,1
10.3897/zookeys.1096.79402,1
10.3897/zookeys.1096.80773,1
10.3897/zookeys.1096.83011,1
10.3897/zookeys.1097.74243,1
10.3897/zookeys.1097.76426,1
10.3897/zookeys.1097.78127,1
10.3897/zookeys.1097.79109,1
10.3897/zookeys.1097.80424,1
10.3897/zookeys.1097.81792,1
10.3897/zookeys.1097.82527,1
10.3897/zookeys.1097.83215,1
10.3897/zookeys.1097.83916,1
10.3897/zookeys.1099.76479,1
10.3897/zookeys.1099.82949,1
10.3897/zookeys.1100.75987,1
10.3897/zookeys.1100.76142,1
10.3897/zookeys.1100.78769,1
10.3897/zookeys.1100.78979,1
10.3897/zookeys.1100.79435,1
10.3897/zookeys.1100.79569,1
10.3897/zookeys.1100.80077,1
10.3897/zookeys.1100.81910,1
10.3897/zookeys.1100.85374,1
10.3897/zookeys.1101.73834,1
10.3897/zookeys.1101.76132,1
10.3897/zookeys.1101.76266,1
10.3897/zookeys.1101.76711,1
10.3897/zookeys.1101.77212,1
10.3897/zookeys.1101.77216,1
10.3897/zookeys.1101.77549,1
10.3897/zookeys.1101.78711,1
10.3897/zookeys.1101.79043,1
10.3897/zookeys.1101.81016,1
10.3897/zookeys.1101.81113,1
10.3897/zookeys.1101.86064,1
10.3897/zookeys.1102.76800,1
10.3897/zookeys.1102.79102,1
10.3897/zookeys.1102.79148,1
10.3897/zookeys.1102.79229,1
10.3897/zookeys.1102.81247,1
10.3897/zookeys.1102.82228,1
10.3897/zookeys.1102.82388,1
10.3897/zookeys.1102.82466,1
10.3897/zookeys.1102.83198,1
10.3897/zookeys.1102.84953,1
10.3897/zookeys.1103.78808,1
10.3897/zookeys.1103.80787,1
10.3897/zookeys.1103.82984,1
10.3897/zookeys.1103.83650,1
10.3897/zookeys.1103.83795,1
10.3897/zookeys.1103.83952,1
10.3897/zookeys.1103.84015,1
10.3897/zookeys.1103.84415,1
10.3897/zookeys.1103.84672,1
10.3897/zookeys.1103.85228,1
10.3897/zookeys.1104.79411,1
10.3897/zookeys.1104.79823,1
10.3897/zookeys.1104.80624,1
10.3897/zookeys.1104.81403,1
10.3897/zookeys.1104.81562,1
10.3897/zookeys.1104.81836,1
10.3897/zookeys.1104.81879,1
10.3897/zookeys.1104.82396,1
10.3897/zookeys.1104.82866,1
10.3897/zookeys.1104.83264,1
10.3897/zookeys.1105.81474,1
10.3897/zookeys.1105.82495,1
10.3897/zookeys.1105.85055,1
10.3897/zookeys.1106.77912,1
10.3897/zookeys.1106.80184,1
10.3897/zookeys.1106.81364,1
10.3897/zookeys.1106.81386,1
10.3897/zookeys.1106.81432,1
10.3897/zookeys.1106.83229,1
10.3897/zookeys.1106.83232,1
10.3897/zookeys.1106.83340,1
10.3897/zookeys.1107.82976,1
10.3897/zookeys.1108.76077,1
10.3897/zookeys.1108.79960,1
10.3897/zookeys.1108.80783,1
10.3897/zookeys.1108.81725,1
10.3897/zookeys.1108.83037,1
10.3897/zookeys.1108.83267,1
10.3897/zookeys.1108.85156,1
10.3897/zookeys.1108.85378,1
10.3897/zookeys.1108.85423,1
10.3897/zookeys.1108.85655,1
10.3897/zookeys.1109.73937,1
10.3897/zookeys.1109.80775,1
10.3897/zookeys.1109.81125,1
10.3897/zookeys.1109.81544,1
10.3897/zookeys.1109.83807,1
10.3897/zookeys.1109.83863,1
10.3897/zookeys.1109.85565,1
10.3897/zookeys.1110.79615,1
10.3897/zookeys.1110.80808,1
10.3897/zookeys.1110.82173,1
10.3897/zookeys.1110.82461,1
10.3897/zookeys.1110.83228,1
10.3897/zookeys.1110.85399,1
10.3897/zookeys.1110.85491,1
10.3897/zookeys.1111.68665,1
10.3897/zookeys.1111.70195,1
10.3897/zookeys.1111.72345,1
10.3897/zookeys.1111.73371,1
10.3897/zookeys.1111.76239,1
10.3897/zookeys.1111.76884,1
10.3897/zookeys.1111.77371,1
10.3897/zookeys.1111.77413,1
10.3897/zookeys.1111.77541,1
10.3897/zookeys.1111.77581,1
10.3897/zookeys.1111.77586,1
10.3897/zookeys.1111.80961,1
10.3897/zookeys.1111.83120,1
10.3897/zookeys.1111.85307,1
10.3897/zookeys.1111.85361,1
10.3897/zookeys.1111.85576,1
10.3897/zookeys.1112.82307,1
10.3897/zookeys.1112.82551,1
10.3897/zookeys.1112.83021,1
10.3897/zookeys.1112.84475,1
10.3897/zookeys.1112.85278,1
10.3897/zookeys.1112.85752,1
10.3897/zookeys.1112.85902,1
10.3897/zookeys.1112.85950,1
10.3897/zookeys.1112.87591,1
10.3897/zookeys.1113.79721,1
10.3897/zookeys.1113.81240,1
10.3897/zookeys.1113.82172,1
10.3897/zookeys.1113.85448,1
10.3897/zookeys.1113.85769,1
10.3897/zookeys.1114.77692,1
10.3897/zookeys.1114.79492,1
10.3897/zookeys.1114.79709,1
10.3897/zookeys.1114.81696,1
10.3897/zookeys.1114.84361,1
10.3897/zookeys.1114.84509,1
10.3897/zookeys.1114.85028,1
10.3897/zookeys.1114.85493,1
10.3897/zookeys.1114.86182,1
10.3897/zookeys.1114.86598,1
10.3897/zookeys.1115.75538,1
10.3897/zookeys.1115.80146,1
10.3897/zookeys.1115.81668,1
10.3897/zookeys.1115.83266,1
10.3897/zookeys.1115.83946,1
10.3897/zookeys.1115.84527,1
10.3897/zookeys.1115.85249,1
10.3897/zookeys.1115.86477,1
10.3897/zookeys.1116.79846,1
10.3897/zookeys.1116.82762,1
10.3897/zookeys.1116.82858,1
10.3897/zookeys.1116.83236,1
10.3897/zookeys.1116.84577,1
10.3897/zookeys.1116.84593,1
10.3897/zookeys.1116.85303,1
10.3897/zookeys.1116.85987,1
10.3897/zookeys.1116.86906,1
10.3897/zookeys.1117.76872,1
10.3897/zookeys.1117.83539,1
10.3897/zookeys.1117.85362,1
10.3897/zookeys.1117.85644,1
10.3897/zookeys.1117.85787,1
10.3897/zookeys.1117.86984,1
10.3897/zookeys.1117.87765,1
10.3897/zookeys.1117.89211,1
10.3897/zookeys.1117.89610,1
10.3897/zookeys.1118.83156,1
10.3897/zookeys.1118.84403,1
10.3897/zookeys.1118.84643,1
10.3897/zookeys.1118.84686,1
10.3897/zookeys.1118.85810,1
10.3897/zookeys.1118.86448,1
10.3897/zookeys.1118.89337,1
10.3897/zookeys.1118.89593,1
10.3897/zookeys.1118.91192,1
10.3897/zookeys.1119.80233,1
10.3897/zookeys.1119.85400,1
10.3897/zookeys.1119.87082,1
10.3897/zookeys.1119.87724,1
10.3897/zookeys.1120.87067,1
10.3897/zookeys.1120.87483,1
10.3897/zookeys.1120.87526,1
10.3897/zookeys.1120.90086,1
10.3897/zookeys.1120.90206,1
10.3897/zookeys.1120.90509,1
10.3897/zookeys.1121.84171,1
10.3897/zookeys.1121.85489,1
10.3897/zookeys.1121.85693,1
10.3897/zookeys.1121.85953,1
10.3897/zookeys.1121.86264,1
10.3897/zookeys.1121.86888,1
10.3897/zookeys.1121.89539,1
10.3897/zookeys.1121.89613,1
10.3897/zookeys.1122.76486,1
10.3897/zookeys.1122.82993,1
10.3897/zookeys.1122.84424,1
10.3897/zookeys.1122.85721,1
10.3897/zookeys.1122.85791,1
10.3897/zookeys.1122.86071,1
10.3897/zookeys.1122.86344,1
10.3897/zookeys.1122.86483,1
10.3897/zookeys.1122.89990,1
10.3897/zookeys.1122.94672,1
10.3897/zookeys.1123.77217,1
10.3897/zookeys.1123.86261,1
10.3897/zookeys.1123.86704,1
10.3897/zookeys.1123.86960,1
10.3897/zookeys.1123.87397,1
10.3897/zookeys.1123.87863,1
10.3897/zookeys.1123.90141,1
10.3897/zookeys.1123.90202,1
10.3897/zookeys.1123.90308,1
10.3897/zookeys.1123.90623,1
10.3897/zookeys.1123.90917,1
10.3897/zookeys.1124.83811,1
10.3897/zookeys.1124.85952,1
10.3897/zookeys.1124.86828,1
10.3897/zookeys.1124.87861,1
10.3897/zookeys.1124.89282,1
10.3897/zookeys.1124.89318,1
10.3897/zookeys.1124.89991,1
10.3897/zookeys.1124.90077,1
10.3897/zookeys.1124.91156,1
10.3897/zookeys.1125.82258,1
10.3897/zookeys.1125.85431,1
10.3897/zookeys.1125.85741,1
10.3897/zookeys.1125.86905,1
10.3897/zookeys.1125.89219,1
10.3897/zookeys.1125.90212,1
10.3897/zookeys.1125.90802,1
10.3897/zookeys.1125.91124,1
10.3897/zookeys.1125.93703,1
10.3897/zookeys.1125.94060,1
10.3897/zookeys.1125.94925,1
10.3897/zookeys.1126.87635,1
10.3897/zookeys.1126.90233,1
10.3897/zookeys.1126.90916,1
10.3897/zookeys.1126.94545,1
10.3897/zookeys.1127.83240,1
10.3897/zookeys.1127.84628,1
10.3897/zookeys.1127.84920,1
10.3897/zookeys.1127.84942,1
10.3897/zookeys.1127.85737,1
10.3897/zookeys.1127.86004,1
10.3897/zookeys.1127.91310,1
10.3897/zookeys.1128.82176,1
10.3897/zookeys.1128.84944,1
10.3897/zookeys.1128.85536,1
10.3897/zookeys.1128.86210,1
10.3897/zookeys.1128.89751,1
10.3897/zookeys.1128.90016,1
10.3897/zookeys.1128.90020,1
10.3897/zookeys.1128.91155,1
10.3897/zookeys.1128.94242,1
10.3897/zookeys.1128.95139,1
10.3897/zookeys.1129.82981,1
10.3897/zookeys.1129.87706,1
10.3897/zookeys.1129.90287,1
10.3897/zookeys.1129.90535,1
10.3897/zookeys.1129.90577,0
10.3897/zookeys.1129.90986,1
10.3897/zookeys.1129.91398,1
10.3897/zookeys.1129.91543,1
10.3897/zookeys.1129.95245,1
10.3897/zookeys.1129.95715,1
10.3897/zookeys.1130.81874,1
10.3897/zookeys.1130.86413,1
10.3897/zookeys.1130.87730,1
10.3897/zookeys.1130.87810,1
10.3897/zookeys.1130.91039,1
10.3897/zookeys.1130.91325,1
10.3897/zookeys.1130.91467,1
10.3897/zookeys.1131.85218,1
10.3897/zookeys.1131.86644,1
10.3897/zookeys.1131.90392,1
10.3897/zookeys.1131.90688,1
10.3897/zookeys.1131.91017,1
10.3897/zookeys.1131.91235,1
10.3897/zookeys.1131.94205,1
10.3897/zookeys.1131.95038,1
10.3897/zookeys.1131.95246,1
10.3897/zookeys.1132.86022,1
10.3897/zookeys.1132.87364,1
10.3897/zookeys.1132.87629,1
10.3897/zookeys.1132.89858,1
10.3897/zookeys.1132.91244,1
10.3897/zookeys.1132.94579,1
10.3897/zookeys.1133.94530,1
10.3897/zookeys.1134.87853,1
10.3897/zookeys.1134.89267,1
10.3897/zookeys.1134.89587,1
10.3897/zookeys.1134.91348,1
10.3897/zookeys.1134.93999,1
10.3897/zookeys.1134.94198,1
10.3897/zookeys.1134.94984,1
10.3897/zookeys.1134.95637,1
10.3897/zookeys.1134.96103,1
10.3897/zookeys.1134.97678,1
10.3897/zookeys.1135.89257,1
10.3897/zookeys.1135.89373,1
10.3897/zookeys.1135.93631,1
10.3897/zookeys.1135.93800,1
10.3897/zookeys.1135.93843,1
10.3897/zookeys.1135.94371,1
10.3897/zookeys.1135.94628,1
10.3897/zookeys.1135.95026,1
10.3897/zookeys.1136.72744,1
10.3897/zookeys.1136.86680,1
10.3897/zookeys.1136.89528,1
10.3897/zookeys.1136.90525,1
10.3897/zookeys.1136.91567,1
10.3897/zookeys.1136.94374,1
10.3897/zookeys.1136.96431,1
10.3897/zookeys.1137.86150,1
10.3897/zookeys.1137.94217,1
10.3897/zookeys.1137.94224,1
10.3897/zookeys.1137.95769,1
10.3897/zookeys.1137.96306,1
10.3897/zookeys.1137.96414,1
10.3897/zookeys.1137.97068,1
10.3897/zookeys.1137.97631,1
10.3897/zse.98.76677,1
10.3897/zse.98.83109,1
10.3956/2021-97.4.190,0
10.4002/040.064.0209,0
10.4002/040.065.0103,0
10.4014/jmb.2205.05018,1
10.4039/tce.2021.60,0
10.4289/0013-8797.123.4.703,0
10.4289/0013-8797.123.4.741,0
10.4289/0013-8797.123.4.745,0
10.4289/0013-8797.123.4.759,0
10.4289/0013-8797.123.4.784,0
10.4289/0013-8797.123.4.792,0
10.4289/0013-8797.123.4.820,0
10.4289/0013-8797.123.4.847,0
10.4314/met.v33i1.5,1
10.47121/acarolstud.1101631,1
10.47121/acarolstud.1103592,1
10.47121/acarolstud.1123419,1
10.47121/acarolstud.1128804,1
10.47121/acarolstud.1129248,1
10.47121/acarolstud.1131473,1
10.47121/acarolstud.1132099,1
10.47371/mycosci.2021.09.001,1
10.47371/mycosci.2021.10.004,1
10.47371/mycosci.2021.10.005,1
10.47371/mycosci.2021.11.001,1
10.47371/mycosci.2021.11.002,1
10.47371/mycosci.2022.01.001,1
10.47371/mycosci.2022.01.002,1
10.47371/mycosci.2022.01.003,1
10.47371/mycosci.2022.02.001,1
10.47371/mycosci.2022.02.002,1
10.47371/mycosci.2022.02.003,1
10.47371/mycosci.2022.03.001,1
10.47371/mycosci.2022.03.002,1
10.47371/mycosci.2022.03.003,1
10.47371/mycosci.2022.04.001,1
10.47371/mycosci.2022.04.002,1
10.47371/mycosci.2022.04.003,1
10.47371/mycosci.2022.05.001,1
10.47371/mycosci.2022.05.002,1
10.47371/mycosci.2022.05.003,1
10.47371/mycosci.2022.05.004,1
10.47371/mycosci.2022.05.005,1
10.47371/mycosci.2022.06.001,1
10.47371/mycosci.2022.07.001,1
10.47371/mycosci.2022.07.002,1
10.47371/mycosci.2022.07.003,1
10.47371/mycosci.2022.07.004,1
10.47371/mycosci.2022.07.005,1
10.47371/mycosci.2022.08.001,1
10.47371/mycosci.2022.08.002,1
10.47371/mycosci.2022.08.003,1
10.47371/mycosci.2022.08.004,1
10.47371/mycosci.2022.08.005,1
10.47371/mycosci.2022.09.001,1
10.47371/mycosci.2022.09.002,1
10.47371/mycosci.2022.09.003,1
10.47371/mycosci.2022.09.004,1
10.47371/mycosci.2022.11.001,1
10.47371/mycosci.2022.11.002,1
10.47371/mycosci.mycobituary22.3,1
10.47605/tapro.v11i1.273,1
10.47665/tb.39.2.018,1
10.4813/SIF-2022-0007,0
10.4813/SIF-2022-0008,0
10.48130/SIF-2022-0018,1
10.5248/136.379,0
10.5248/136.693,0
10.5248/136.719,0
10.5248/136.725,0
10.5248/136.739,0
10.5248/136.749,1
10.5248/136.755,1
10.5248/136.769,0
10.5248/136.779,0
10.5248/136.785,1
10.5248/136.789,0
10.5248/136.819,0
10.5248/136.831,1
10.5248/136.841,0
10.5248/136.853,1
10.5248/136.865,0
10.5248/136.875,0
10.5248/136.877,0
10.5248/137.1,1
10.5248/137.109,0
10.5248/137.123,0
10.5248/137.135,0
10.5248/137.153,0
10.5248/137.171,0
10.5248/137.173,1
10.5248/137.179,1
10.5248/137.189,1
10.5248/137.203,1
10.5248/137.209,1
10.5248/137.221,0
10.5248/137.227,1
10.5248/137.239,0
10.5248/137.245,0
10.5248/137.251,0
10.5248/137.261,1
10.5248/137.271,0
10.5248/137.283,0
10.5248/137.31,0
10.5248/137.335,0
10.5248/137.345,0
10.5248/137.353,1
10.5248/137.359,0
10.5248/137.371,0
10.5248/137.381,0
10.5248/137.387,0
10.5248/137.389,0
10.5248/137.391,0
10.5248/137.41,1
10.5248/137.51,1
10.5248/137.63,0
10.5248/137.73,1
10.5248/137.89,0
10.5248/137.95,0
10.5252/geodiversitas2022v44a1,1
10.5252/geodiversitas2022v44a12,0
10.5252/geodiversitas2022v44a9,1
10.5252/zoosystema2022v44a3,1
10.5252/zoosystema2022v44a4,1
10.5252/zoosystema2022v44a5,1
10.5252/zoosystema2022v44a9,1
10.5281/odon.v51i1-2.a9,0
10.5281/odon.v51i3-4.a6,0
10.5281/zenodo.6090197,0
10.5281/zenodo.6477767,0
10.5281/zenodo.6510282,0
10.53350/pjmhs22166575,1
10.54103/2039-4942/12253,1
10.54103/2039-4942/14283,1
10.54103/2039-4942/15175,1
10.54103/2039-4942/15178,1
10.54103/2039-4942/15227,1
10.54103/2039-4942/15381,1
10.54103/2039-4942/15439,1
10.54103/2039-4942/15459,1
10.54103/2039-4942/15607,1
10.54103/2039-4942/15744,1
10.54103/2039-4942/15773,1
10.54103/2039-4942/15810,1
10.54103/2039-4942/15964,1
10.54103/2039-4942/16601,1
10.54103/2039-4942/16617,1
10.54103/2039-4942/16665,1
10.54103/2039-4942/16707,1
10.54103/2039-4942/16954,1
10.54103/2039-4942/16972,1
10.54103/2039-4942/16973,1
10.54103/2039-4942/17048,1
10.54103/2039-4942/17050,1
10.54103/2039-4942/17064,1
10.54103/2039-4942/17084,1
10.54103/2039-4942/17086,1
10.54103/2039-4942/17115,1
10.54103/2039-4942/17253,1
10.54103/2039-4942/17397,1
10.54103/2039-4942/17732,1
10.5423/PPJ.OA.07.2022.0102,1
10.5507/fot.2021.016,1
10.5507/fot.2021.019,1
10.5507/fot.2021.022,1
10.5507/fot.2021.023,1
10.5507/fot.2022.006,1
10.55230/mabjournal.v51i5.2339,0
10.5710/amgh.05.11.2022.3496,1
10.5710/amgh.06.07.2022.3498,0
10.5710/amgh.06.12.2021.3465,0
10.5710/amgh.08.11.2022.3531,1
10.5710/amgh.15.06.2022.3504,0
10.5710/amgh.16.05.2022.3459,0
10.5710/amgh.16.10.2021.3461,0
10.5710/amgh.21.06.2022.3486,0
10.5710/amgh.25.08.2022.3477,0
10.5710/amgh.26.02.2022.3469,0
10.5710/amgh.26.04.2022.3502,0
10.5710/amgh.27.01.2022.3485,0
10.5710/amgh.27.02.2022.3470,0
10.5710/amgh.29.07.2022.3505,0
10.5735/085.059.0133,0
10.5735/085.059.0136,0
10.5735/085.059.0139,0
10.5735/085.059.0141,0
10.5735/085.059.0145,0
10.5735/086.059.0113,0
10.57800/faunitaxys-10(26),0
10.5852/cr-palevol2022v21a16,1
10.5852/cr-palevol2022v21a20,1
10.5852/cr-palevol2022v21a6,1
10.5852/ejt.2021.787.1613,1
10.5852/ejt.2021.787.1615,1
10.5852/ejt.2021.787.1617,1
10.5852/ejt.2021.787.1619,1
10.5852/ejt.2021.787.1621,1
10.5852/ejt.2022.788.1625,1
10.5852/ejt.2022.789.1623,1
10.5852/ejt.2022.789.1627,1
10.5852/ejt.2022.789.1631,1
10.5852/ejt.2022.789.1633,1
10.5852/ejt.2022.789.1635,1
10.5852/ejt.2022.789.1637,1
10.5852/ejt.2022.789.1639,1
10.5852/ejt.2022.790.1641,1
10.5852/ejt.2022.791.1645,1
10.5852/ejt.2022.792.1647,1
10.5852/ejt.2022.793.1643,1
10.5852/ejt.2022.794.1649,1
10.5852/ejt.2022.794.1651,1
10.5852/ejt.2022.794.1653,1
10.5852/ejt.2022.794.1655,1
10.5852/ejt.2022.794.1657,1
10.5852/ejt.2022.794.1659,1
10.5852/ejt.2022.794.1661,1
10.5852/ejt.2022.795.1663,1
10.5852/ejt.2022.796.1665,1
10.5852/ejt.2022.797.1667,1
10.5852/ejt.2022.798.1629,1
10.5852/ejt.2022.798.1669,1
10.5852/ejt.2022.798.1671,1
10.5852/ejt.2022.798.1673,1
10.5852/ejt.2022.798.1675,1
10.5852/ejt.2022.798.1679,1
10.5852/ejt.2022.799.1681,1
10.5852/ejt.2022.800.1683,1
10.5852/ejt.2022.801.1685,1
10.5852/ejt.2022.802.1687,1
10.5852/ejt.2022.803.1691,1
10.5852/ejt.2022.804.1689,1
10.5852/ejt.2022.805.1693,1
10.5852/ejt.2022.806.1695,1
10.5852/ejt.2022.806.1697,1
10.5852/ejt.2022.806.1699,1
10.5852/ejt.2022.806.1701,1
10.5852/ejt.2022.806.1703,1
10.5852/ejt.2022.806.1705,1
10.5852/ejt.2022.806.1707,1
10.5852/ejt.2022.806.1709,1
10.5852/ejt.2022.806.1711,1
10.5852/ejt.2022.806.1713,1
10.5852/ejt.2022.806.1715,1
10.5852/ejt.2022.807.1717,1
10.5852/ejt.2022.808.1721,1
10.5852/ejt.2022.809.1719,1
10.5852/ejt.2022.810.1723,1
10.5852/ejt.2022.811.1725,1
10.5852/ejt.2022.812.1727,1
10.5852/ejt.2022.813.1729,1
10.5852/ejt.2022.813.1733,1
10.5852/ejt.2022.813.1735,1
10.5852/ejt.2022.813.1737,1
10.5852/ejt.2022.813.1739,1
10.5852/ejt.2022.813.1741,1
10.5852/ejt.2022.813.1743,1
10.5852/ejt.2022.814.1745,1
10.5852/ejt.2022.815.1749,1
10.5852/ejt.2022.816.1747,1
10.5852/ejt.2022.817.1757,1
10.5852/ejt.2022.817.1759,1
10.5852/ejt.2022.817.1761,1
10.5852/ejt.2022.817.1763,1
10.5852/ejt.2022.817.1765,1
10.5852/ejt.2022.817.1767,1
10.5852/ejt.2022.817.1769,1
10.5852/ejt.2022.818.1771,1
10.5852/ejt.2022.819.1773,1
10.5852/ejt.2022.819.1775,1
10.5852/ejt.2022.819.1777,1
10.5852/ejt.2022.819.1781,1
10.5852/ejt.2022.819.1783,1
10.5852/ejt.2022.819.1785,1
10.5852/ejt.2022.819.1787,1
10.5852/ejt.2022.820.1791,1
10.5852/ejt.2022.821.1793,1
10.5852/ejt.2022.821.1795,1
10.5852/ejt.2022.821.1797,1
10.5852/ejt.2022.821.1799,1
10.5852/ejt.2022.821.1801,1
10.5852/ejt.2022.821.1803,1
10.5852/ejt.2022.821.1805,1
10.5852/ejt.2022.822.1807,1
10.5852/ejt.2022.823.1809,1
10.5852/ejt.2022.823.1817,1
10.5852/ejt.2022.823.1819,1
10.5852/ejt.2022.823.1821,1
10.5852/ejt.2022.823.1823,1
10.5852/ejt.2022.823.1825,1
10.5852/ejt.2022.824.1827,1
10.5852/ejt.2022.825.1829,1
10.5852/ejt.2022.826.1831,1
10.5852/ejt.2022.826.1833,1
10.5852/ejt.2022.826.1835,1
10.5852/ejt.2022.827.1849,1
10.5852/ejt.2022.828.1847,1
10.5852/ejt.2022.828.1851,1
10.5852/ejt.2022.828.1853,1
10.5852/ejt.2022.828.1855,1
10.5852/ejt.2022.828.1857,1
10.5852/ejt.2022.828.1859,1
10.5852/ejt.2022.828.1861,1
10.5852/ejt.2022.829.1863,1
10.5852/ejt.2022.830.1865,1
10.5852/ejt.2022.831.1867,1
10.5852/ejt.2022.831.1869,1
10.5852/ejt.2022.831.1871,1
10.5852/ejt.2022.831.1873,1
10.5852/ejt.2022.831.1875,1
10.5852/ejt.2022.832.1877,1
10.5852/ejt.2022.833.1879,1
10.5852/ejt.2022.833.1881,1
10.5852/ejt.2022.833.1883,1
10.5852/ejt.2022.833.1885,1
10.5852/ejt.2022.833.1887,1
10.5852/ejt.2022.833.1889,1
10.5852/ejt.2022.833.1891,1
10.5852/ejt.2022.834.1893,1
10.5852/ejt.2022.834.1895,1
10.5852/ejt.2022.834.1897,1
10.5852/ejt.2022.834.1899,1
10.5852/ejt.2022.834.1901,1
10.5852/ejt.2022.834.1903,1
10.5852/ejt.2022.834.1905,1
10.5852/ejt.2022.834.1907,1
10.5852/ejt.2022.835.1909,1
10.5852/ejt.2022.836.1911,1
10.5852/ejt.2022.836.1913,1
10.5852/ejt.2022.836.1915,1
10.5852/ejt.2022.836.1917,1
10.5852/ejt.2022.836.1919,1
10.5852/ejt.2022.836.1921,1
10.5852/ejt.2022.838.1925,1
10.5852/ejt.2022.839.1927,1
10.5852/ejt.2022.839.1929,1
10.5852/ejt.2022.839.1931,1
10.5852/ejt.2022.839.1933,1
10.5852/ejt.2022.839.1935,1
10.5852/ejt.2022.839.1937,1
10.5852/ejt.2022.839.1939,1
10.5852/ejt.2022.840.1941,1
10.5852/ejt.2022.841.1943,1
10.5852/ejt.2022.842.1945,1
10.5852/ejt.2022.843.1947,1
10.5852/ejt.2022.844.1949,1
10.5852/ejt.2022.845.1951,1
10.5852/ejt.2022.845.1953,1
10.5852/ejt.2022.845.1955,1
10.5852/ejt.2022.846.1969,1
10.5852/ejt.2022.846.1971,1
10.5852/ejt.2022.846.1975,1
10.5852/ejt.2022.847.1977,1
10.5852/ejt.2022.847.1989,1
10.5852/ejt.2022.847.1991,1
10.5852/ejt.2022.848.1993,1
10.5852/ejt.2022.849.1995,1
10.5852/ejt.2022.850.1997,1
10.5852/ejt.2022.851.1999,1
10.5852/ejt.2022.852.2003,1
10.5852/ejt.2022.852.2005,1
10.5852/ejt.2022.852.2007,1
10.5852/ejt.2022.852.2009,1
10.5852/ejt.2022.852.2011,1
10.5852/ejt.2022.852.2013,1
10.5852/ejt.2022.852.2015,1
10.5852/ejt.2022.852.2017,1
10.5852/ejt.2022.853.2019,1
10.5852/ejt.2022.854.2021,1
10.5852/ejt.2022.855.2023,1
10.6620/ZS.2021.60-57,0
10.6620/ZS.2021.60-59,0
10.6620/ZS.2021.60-65,0
10.7554/eLife.74751,1
10.7554/eLife.83296,1
10.7717/peerj.12614,1
10.7717/peerj.12638,1
10.7717/peerj.12734,1
10.7717/peerj.12765,1
10.7717/peerj.12773,1
10.7717/peerj.12842,1
10.7717/peerj.12865,1
10.7717/peerj.12873,1
10.7717/peerj.12913,1
10.7717/peerj.13010,1
10.7717/peerj.13026,1
10.7717/peerj.13044,1
10.7717/peerj.13211,1
10.7717/peerj.13260,1
10.7717/peerj.13502,1
10.7717/peerj.13761,1
10.7717/peerj.13767,1
10.7717/peerj.13857,1
10.7717/peerj.13891,1
10.7717/peerj.13909,1
10.7717/peerj.13926,1
10.7717/peerj.14026,1
10.7717/peerj.14066,1
10.7717/peerj.14113,1
10.7717/peerj.14197,1
10.7717/peerj.14298,1
